6230961512046992311
7871178979383552919
5739955973604961613
3881801951614183357
7032710160631691991
7599700178212337699
1353182403971399009
1070244953599069350
6522163754831416203
6938562734920028532
4040737767143389431
1250005700364523649
1309542850049879452
2429002973740178792
7663871783842725848
320375091487821987
5906957480796939447
1250773459040295677
7146860528564146064
3438400432146115956
7473196763798409428
5139481885857321791
5142811650494845597
3010622984418968408
6002685213311538187
5708372698381010775
521787134863155063
1731523882129807996
1853590723603270879
7029781962072644698
6785030173969523435
5529616217668449934
1024517563182776983
3224265581699847191
5258051056098597521
1647170069535670909
4122784633514911760
7706236040662210848
824387247617288499
1632192924771168275
7161906730445628483
6802378520969450157
4552998297316576788
8031431416522537101
6143643868734370809
3272308573967577038
5636411189175451024
5349491008325879064
6614505080519948832
7938560551762094560
7917045922527545890
4445925461710302877
3865339568260874865
7921282862123281598
6224222471595207695
1128313391724783137
716820155901718944
8718380604043999642
5063475852268941542
4997514996153925447
8446481348147407377
3817405844514670994
6529943913552561417
2909934787168262407
1170385908854608748
6022436717541034636
199422815561151340
3713827327871807734
175493991617213850
5108599054664628607
6764066939395682287
9130666990809746335
7644420139408884785
1458186392400727732
1392892770529522614
9060210648189963449
4250897495980125004
8794274795737982182
2089506265998900862
5497874167834979553
4060584409398689268
1332005502874566195
1722224698700348310
8626102704817790064
7905487461282246979
8448596294177070022
4795749165124911768
4934890601268679176
1992204328026194281
7118744415197196276
2718103348384927511
9059990922233379852
7449662661572224354
3221421291694197220
8867616339855336876
5894893360759659423
7983805977214098674
4940913311242578590
2264398621601381987
7632458674696225362
