6230961512046992311
7871178979383552919
5739955973604961613
3881801951614183357
7032710160631691991
7599700178212337699
1353182403971399009
1070244953599069350
6522163754831416203
6938562734920028532
4040737767143389431
1250005700364523649
1309542850049879452
2429002973740178792
7663871783842725848
320375091487821987
5906957480796939447
1250773459040295677
7146860528564146064
3438400432146115956
7473196763798409428
5139481885857321791
5142811650494845597
3010622984418968408
6002685213311538187
5708372698381010775
521787134863155063
1731523882129807996
1853590723603270879
7029781962072644698
6785030173969523435
5529616217668449934
1024517563182776983
3224265581699847191
5258051056098597521
1647170069535670909
4122784633514911760
7706236040662210848
824387247617288499
1632192924771168275
7161906730445628483
6802378520969450157
4552998297316576788
8031431416522537101
6143643868734370809
3272308573967577038
5636411189175451024
5349491008325879064
6614505080519948832
7938560551762094560
7917045922527545890
4445925461710302877
3865339568260874865
7921282862123281598
6224222471595207695
1128313391724783137
716820155901718944
8718380604043999642
5063475852268941542
4997514996153925447
8446481348147407377
3817405844514670994
6529943913552561417
2909934787168262407
1170385908854608748
6022436717541034636
199422815561151340
3713827327871807734
175493991617213850
5108599054664628607
6764066939395682287
9130666990809746335
7644420139408884785
1458186392400727732
1392892770529522614
9060210648189963449
4250897495980125004
8794274795737982182
2089506265998900862
5497874167834979553
4060584409398689268
1332005502874566195
1722224698700348310
8626102704817790064
7905487461282246979
8448596294177070022
4795749165124911768
4934890601268679176
1992204328026194281
7118744415197196276
2718103348384927511
9059990922233379852
7449662661572224354
3221421291694197220
8867616339855336876
5894893360759659423
7983805977214098674
4940913311242578590
2264398621601381987
7632458674696225362
3694007867978161496
4930112688948865752
1230703692581834471
4518717046558709046
2492040986345287782
7248896223585653215
736391040991105910
2467652445747940570
3747034013050516905
6730529365774595565
6555886964154520885
1011754402008228360
650502939665117908
6931234162108068155
7036350789514737982
3417831366848202222
1764703740103187325
6099071314208280829
1478267770439085023
6745836090024672648
8570644535759591367
7984742098466675289
7772282804274823820
4605160535443033867
9206330024334005505
4598538011359440023
4921352994662059551
136679154539405350
3092131438919784501
42364436725830344
8554304577417295998
3836414681835255565
5307974332861278426
4172179619164165349
5895919627054383741
1207954240068637747
1824014565597166638
2906458764931297614
7994806212377234309
227415072414203108
7447596165427180642
1469956229790083483
8238803389299243818
1350536999305507345
8380574606181560830
6297491418694353593
4029232733240508780
2839091109801705196
7747092625679471904
1883499893832009728
3611828098463629939
8998257331843228098
3141606488736283424
1578637594133232455
8844453175736391070
1316940693918034811
9120844276693182598
5280156412251381474
6336626879617899074
1287362893014697424
9077333714581559865
6708555208921380635
290531845160274221
7580081438685084627
3652520869155843012
6442070232515447935
1775004511366758656
2030050045886765818
7129196221390712797
6623002885649792738
5514364829387040207
2087366932802130082
3470941788334557832
6842150434443476940
1264643913632332678
4692573714203189196
8531566238745168968
2906436364689403412
7570572516470455390
8247067498932974906
3178262167134810107
6008800496719404664
7305611086762123576
8066719461241552894
74726437413351996
2595547647363004499
1418687012058410737
2830417714933750793
4786327044629337022
7119083995862307636
8915003654022789441
2340261009490377745
159515627534766240
1879978777733129342
585398182223017615
3794075153940689564
3959361294239666165
2698344829396911713
512189386881326369
7908399357655466027
2783963802640732664
6315047407847811711
954526485204750300
1990400066624226902
799814050824378789
6958033789080726880
5497890531475295040
7759501285595211692
4280672303750955703
1074143442066037770
190891579158521222
5779081928339002346
5521205897042176947
6736311818793768588
731286633751530020
6857090195579836027
6800704585654913693
4575528444363064430
7778266792688245565
360415554600280546
5829540750882415973
1414650104591539029
4889667635821573931
1396792683350049369
260368715586786217
7268025325681651925
5280779163266704757
5104984002715539567
6640621832038765437
7001712050860002605
728298236917293487
7460536982191390527
1806652822935275982
7360829932241047021
9174809118355272272
3264477014501884105
708129087657383627
2604841986721197247
4195502151231968193
5915881230174958237
2858404989835433138
2823085949888867838
6849747502186370564
6909970745489424477
2592149005071673635
135571060290550249
6578673217445584221
1415518485736582108
4696201616611870747
7307932304997363793
8793009562458772655
3946047594048333290
6244477988606198601
5140431889742494535
6972568262542855855
5981526111254535393
4469287418931554600
2444239575299334827
5906885254903255342
4945070103320853337
6937454275525519371
3492689704001111215
9018312886767590819
2525373255546237473
7596407169996588391
2301552489100069344
3363495726793939734
8143505137531313672
1626656579878325301
8751432893058710878
145071655870875736
3008091529303307187
6077526611089480107
549056633118575118
256488025519511484
54693184280235366
4311210190570985803
371239022225060917
5908268709214892744
3204233108685567758
6994913418862238784
5429973086228549013
5990172389158281720
1910018284280532390
7426711102828793954
1022532876289282075
2228649286637521750
8901685198597442812
3313505553003337104
8384007413215195389
8888214593323070236
2872176732408907817
1423593652933191523
6412398969540467722
2521726780024987855
6585917836921330463
259177747973605823
6319184154251326418
7450985009716201270
5758341358998373700
1553972524579512825
5111717026029973966
6500255645415672124
6786934182173660532
7043807743522172908
6680704230616520181
7796612643722465031
8640995006130292855
1118983734843409511
4800038614225495656
4323940799450970543
3205845382557065832
4675322624598961758
1429418407569649181
6021627028980231871
1783447097910270853
6222390049760761992
2776329454726080909
3742919572385661038
3953490433274973881
915103750855961857
8016376590873624600
5789162501513518100
7655247217354779776
1704241462307551485
6503495517241526315
595221536818372353
1997897678695905274
6505415242945512580
9069457412372444584
940327113026178707
5899212197600019218
4313847027578674984
6438697207455614407
679596941407958003
3770688078365773092
2604597561563824167
3215955007699418211
2551378441628768572
7093022388468316492
3654353149974051320
4438585505920431812
8622958973363287260
9138528073304665700
7078993652869120901
7039464694302183194
6844979718620596960
4425069911099946862
5600575340819580628
5954990387184571148
9000352745124196294
8828977461936174947
2008081260223647766
6027284462538182540
7590062664291220381
7538690414168422564
7437005625476877340
7118854343381057051
4129306225256222262
14792207044798755
308706848243027737
3406071293652748987
1271509661363493138
2259866095760934667
4088028393279003450
2851686371562208903
6179990331865648106
4141766087521003040
675253937340691360
8918122215414520870
5598685483116547135
1989693433102030023
8965280552710143382
2009141794009309954
5374648877384698377
4232523153019712994
6520800458552334407
6313129388268810509
6311110574781728349
773320365466222747
1451919742016914282
6529052367463479463
2053811158075046121
5129409725986208007
6439169643626043206
5795900308420252623
8288351408228266638
3665913705049541515
7260559103840457882
5389819534183431561
1412319767856090490
4647471216450952054
2402799322699535687
1350981835159142546
2808436177038116922
8009117167305144058
9093025180093737464
4411972692442237476
1825874804620950593
9060062186281284161
9176102576089177327
1714112674770700265
3145696566327060614
3102524537910040972
5261872350799820365
5405990557530078626
1686460865859755805
7052313441019367141
7647873892517568176
1455773063304791237
7769244691218904426
5449874770196878911
8810501784301900802
469958807619473597
8840974270400287440
5536344686679769530
3674164899130010734
6612981908185350807
4997794473222566876
793743073504059506
3286399450792825522
7998438144802989613
4015163921652401296
3291614296392878710
5593310816542214835
3117667891206772052
960180674769852012
2901246863889591860
2927458203814317646
381133394410311275
4636728244863451466
4038115191089499652
5702906559224348596
8711289207731860605
414636929331333479
5024892248824456528
5277368671664549695
7955076776797838566
1088301636372073958
7581574646677259221
4791457391452998949
7404974585081011445
1063144196662469660
6995635833464422318
363794647390571306
7485455074832962358
2813261709864850456
7448556414616156448
5298308087457358442
8486689423385500862
256504356905464892
7238268045183386342
3809644313601151209
4870082822362060341
1514551633356124427
5717312163316619226
68615101464237710
2717560577485830280
3735489895403249901
3725067746894502208
1586386753319768882
3582520937681639685
2612504915103790102
518957248746515291
5629884822825314343
848775208278239354
4716658285743435639
7815337532828003316
8534853763756034236
3756922398827798747
600278472047215022
5773421183483070277
3611309461792428992
388063713508303957
1701253251576954927
2367673712791721755
1431668379522737450
4985323413764411696
4931093435119963721
6631780027899103385
6278494461986509433
7988883616604858677
5338102357648666922
2778191999103891159
2330145636339369
4523609832134332203
2657975492154925245
4964253831820198501
4841502341278111
7726722004013300879
7611328977747927510
4580245026976819741
5669300501875006452
7227426383665593864
3456507946354577040
1530947166901945111
4520967491851443782
5143700938844362837
3142663147208178606
4186871489579966966
5732200659491158396
3614900823811009619
40848052276696869
703200087231077518
5135555196790477077
1540654829350307526
1361169606624676207
61418097485839661
3088026481514125100
2339944169306274280
5374560374824289793
7841809767491088231
2526491418082384374
6558315394642197197
4399036362495130374
1759685647244983800
2242692523041810169
8464373976611987693
4238864687379203852
2411474815440712704
147095169266988819
1418003547063278193
6358597136960627350
8170586891832121696
8536557803930532604
5306477987211989695
1664067788393294013
6253087381986721405
2794651633422658037
1642761833210989866
563873139272730038
1775785660039774808
4574611286164291797
987409721244835762
5717291528166205658
3695390805144040009
1634543881044697097
2669737703357093879
6963806327652432046
6511123423825032714
1374549585339903839
931547966224789300
5802231191305205378
5793404746950922951
2353269260989164731
2547334175806511366
5320298324854105724
1346134731075926339
7720860632006732022
1474318838564355631
8733136003467883735
8095051298033395575
7986595005782975264
1635434371656264334
6917039369475347400
3525858889892336318
7949346706558340167
6910578673887639092
3827146948633395711
579894758697291543
8354917542183038176
7615324063540218406
1274669897620251210
7128445601915568706
985419701932422171
6861346299174667337
2637644688928071938
4453701065662195827
8296535978868449523
1411352627851524787
2523915032683964888
1826502687216417671
6098099616683448624
1321478477330470187
4468939590556517173
3162216228379300683
7982017206180257074
4656758970673066508
7289330239008936176
8487269210965954565
6805300489645895686
2011226239080594139
3386556558069440532
6522420694177295319
5557411904630747781
6335164093060036058
3755368577281086645
277664330290540106
5103852541188037580
4782788413152030674
318103475045133203
5441558752426050170
8807636345470667047
7307857232215060272
4991507757288719475
8857443515637848690
7445512794799941917
9052358047256042910
3965589658708907517
6575874412510791007
1031648050035685469
4689008035098970689
7880366115018238619
8115373182626706905
4686484589677049996
6839727328329474824
2316054231713970360
4935406339246835026
7503706862061687224
3820170102112651607
7442788052276876841
2795212974506733912
9220424002847220675
5668932269932488031
128257582511201928
5906942407320896517
3183373443773197659
4136777663091421052
3276758740773190544
2059807382710122830
7048376921010018350
825236631617443965
9202369508576900295
4502179221546953524
1254702886178132242
7872681752529181547
3815383608342445288
623356855019893324
9045035875837803705
555425062133329659
8800958387918880787
7276886945077883471
5511856949358688932
2020048837555575319
6618887779678951747
6052054765177509487
8528924862654772841
5087540937606244411
4076120242058785597
312780580255170248
7797608225579038410
5717555616021294350
1480373596226965441
2145661822814508249
5784978198849669446
552888342439251834
936320607036954701
7096984599008571090
5868332346055667804
3160987593478162343
6807433759894608138
3733586511376495549
7607264132776739046
5095180092299723195
6522006581394943637
3778338434240889738
2788576666675544465
3827684509774272173
3500958284715783714
5240780366031856155
1730519514873080939
4376473451881220407
1020418407710227058
1861067924643497520
1487106273779644725
5950702992950102226
4674975985650229578
1101496522743159833
6031360761282582053
5737381757553534640
883486898936262622
1264324519204617116
6504021620206857975
4493390221331715566
2876592696972055899
8779562888184571132
7722360685000891867
4298234382182545586
1601070605099646954
8754402077765493032
7174110676394505625
8483079390523694189
3919860154688147257
911649839578649323
8607534386207569855
3466258311630422300
7235778871420658215
5777399831684062486
1251132303519110269
1267035209110689880
2751145326298941763
5119932194970841454
6800382715437376381
9047251358103208211
1895249427337001670
3720232881906633955
6666330701984068299
8615863233363799688
8589192345106705303
2627635176032504205
5199180241181991492
4516836973037673137
5073686913959221265
4466623166651997120
2545239346197530903
5790009779556195460
7700065363953440593
9198516823092792271
6571045556605287295
1858298773558219754
9061319549795241273
6363456760810376468
6208281664388594362
3178482072989109242
3855818827185259629
47716781014027866
7734582759549999903
7896203037323999156
1544537789879828868
2271033719831329685
5342062255788615358
699380718008816076
6797108181449978423
6044054427051961681
37191003483767663
7264754610193389658
2613258296605267554
7527406335031313193
4332835697299832916
6068189845460746931
992003366715089341
4890552578733058504
1306096049901136170
8792664688398683756
1281213038769729352
7688517792191765088
7089956450372271294
4601765342810327582
9063366367157589789
3483701966903433227
2238285193594140019
7481051968572445909
8599330875454808191
2531956108934684444
7320680798887966316
7948226668793072423
493902657048900891
725016687448953438
3484299919442602650
1387918053800088927
1476827362246080225
644287607415594975
3085371653505011621
8326780138177164244
8178092273458775680
7340348907238165579
4811197461786097767
1217544457595937877
6708500503135285572
9154390122696248074
7178207278096853579
8658105165416819900
3080954751714143868
975946311089526422
8097193326911658205
2438454604852721648
8926368838818035690
6332575340366607038
3338647654726993789
48256307859214130
7953621292998063597
1949905021888521048
6928950211100590692
2957294246414507833
5723964322953488876
1637489725809895256
7041032170388739755
2932299286564139550
1089676150879754828
8503294616910751824
3028200298931862445
4399937856225922602
3751359710973092747
140709466844817707
4128312052583125408
7542705886959917183
5975887286287497042
1096255859201199810
1561105208204819036
8506044282921155627
4878764319496343848
162749247703573426
4349635633183005919
1191273334984613012
4363429143132898675
3294105879511466415
4852080556920532421
6564166553928684936
331758699430493449
4853852498846705271
580018670918858684
426702612389239982
1688322561646784772
8750968201705139803
1753662865341251889
117245251574293776
6255236287275302886
5782053319624608009
2836892342022755353
6439640912290771533
5401317397908366102
5572176709843825320
7265918681130842009
7224910689588336625
3987631194778978415
5062106017701809640
8410559972015643104
1350509387390279254
5941275366973064154
4399838916898246537
5111626676834513172
1817559687342522807
1443016007381358078
7187052856223677743
1216532643802855489
6394661030522384534
5071260207297986269
255829670577233075
130095090612156424
4910512630830778609
4661361615699511030
3583351897716171568
4185892084679365215
2988292557703629254
7511098471727587981
1473698599129375704
5434224323374324864
7568763615433562023
3822477105010592817
3505930940295419645
5826023995049452567
2306385557336931905
3275324936218622444
5055178652853640978
3022913595440755820
1917947674860427041
4009051281656780385
2280067629759416821
6901353967750878254
597936569704512917
6159271994467726587
7608757798704186131
5001823742825143350
8571864478869353435
7822718389972096296
6348972053405112268
1893829775839300195
3039852152171257240
2454956275657110987
8836364897735930392
3994386646764974724
4256782803864839708
960214239333109920
1994968829971835909
6705943144269743127
723646550058395382
4058377082723206460
6872956330646303379
271017762584894795
5346634132013843275
4825213504475052322
7193161504018821912
4177173435062861830
3119692817497097066
149865355275974546
1921434316144084042
7363530552794890279
8941680403082242265
3797939876732000871
3266053958715464857
3202347341064028097
3899489155721720344
8125539635063001581
255208425286877591
143576664693472285
1884627523115464049
5044471713176609042
3532776722513765981
9052250535389437140
2582007098928924110
1441172044566587473
7226094649841335893
4569907357528994776
831103545692131746
8520327509873395760
2403530333225235524
6138734363649120912
7166818430871906799
8378355469442436030
9168874969666399869
7615809478680263842
8896404129863385192
3534347916497437723
4679787919627710759
5434599814624782009
6050678079724739831
4008648344983073416
427300394319831856
5217804905603486591
4268556587338320887
2570944516298568007
5619490913856466145
2808997135389402481
4385392489447926023
3679122822748243339
7869422873728283818
1508759849637705846
7117284348593071963
4584005365693798829
4993207664314024505
8200771701910926541
6431179402499490660
970401290819641658
8133727933306244559
8360170461176848491
454247265976597360
3709846788218150018
6394600868051415143
8719407251801615581
7716018412410224537
8684667049476363218
4567211080967535682
8042670253118279128
3896614185426816770
3823359672897082626
2503065566507317274
3002651844135365847
8599919164958855303
4100912106632353681
5814348109431765541
9196021499947730537
8198011188645015913
3652474000815445542
7492670021930035659
5839666974584905180
7743476940162877327
8327399278954509806
2874584371570704347
5269245027452255751
7781598794243406921
3559843642840835311
5447981068134115864
4089962676957086640
7152526520200712411
5514599963835177893
1154377894451490562
2653412563315701661
6185774457868779080
8117677192319886339
2736334044808898132
4866017446534488497
2352693021538871638
5087079137996655250
8046927305016384286
5917037857463163252
4042493188108515767
200631099247134851
6353818189735399202
6804161657628065692
7514877741150894605
778513188113170191
5039672642122117688
2105781244820663
167555698259872079
5947954599147332800
6785941707151390093
1351090138448020838
5945239096302503110
1089192190148067856
6093645238206261253
8556836816303500506
8637213237613647115
5374402754712279140
949419761816915406
1572427554424146266
7769662858917755172
4993156829248571048
6896120694294002526
7666853560058433122
8757365002704694270
7432212682252082742
2705920478321990352
7624680754125089830
5449532925235051666
2109791195292063532
3033770993305700377
2360671070680078730
1904952801825717633
7777910785440929410
28062626589630189
