1.00 4 1
1.00 3 4
1.00 3 8
1.00 3 3
1.05 5 1
1.05 4 4
1.05 4 8
1.05 4 3
1.10 5 1
1.10 4 4
1.10 3 8
1.10 3 3
1.15 5 1
1.15 4 4
1.15 4 8
1.15 4 3
1.20 6 1
1.20 5 4
1.20 4 8
1.20 4 3
1.25 6 1
1.25 5 4
1.25 3 8
1.25 3 3
1.30 6 1
1.30 5 4
1.30 4 8
1.30 4 3
1.35 6 1
1.35 5 4
1.35 4 8
1.35 4 3
1.40 6 1
1.40 5 4
1.40 2 8
1.40 1 3
2.00 4 1
2.00 3 4
2.00 3 8
2.00 3 3
2.05 5 1
2.05 4 4
2.05 4 8
2.05 4 3
2.10 5 1
2.10 4 4
2.10 2 8
2.10 2 3
2.15 5 1
2.15 4 4
2.15 3 8
2.15 4 3
2.20 6 1
2.20 5 4
2.20 3 8
2.20 2 3
2.25 6 1
2.25 5 4
2.25 2 8
2.25 2 3
2.30 6 1
2.30 5 4
2.30 4 8
2.30 4 3
2.35 6 1
2.35 5 4
2.35 4 8
2.35 4 3
2.40 6 1
2.40 1 4
2.40 1 8
2.40 1 3
3.00 4 1
3.00 3 4
3.00 3 8
3.00 3 3
3.05 5 1
3.05 4 4
3.05 3 8
3.05 3 3
3.10 5 1
3.10 4 4
3.10 2 8
3.10 1 3
3.15 5 1
3.15 4 4
3.15 4 8
3.15 3 3
3.20 6 1
3.20 5 4
3.20 2 8
3.20 2 3
3.25 6 1
3.25 1 4
3.25 1 8
3.25 1 3
3.30 6 1
3.30 5 4
3.30 4 8
3.30 4 3
3.35 6 1
3.35 5 4
3.35 3 8
3.35 3 3
3.40 6 1
3.40 1 4
3.40 1 8
3.40 1 3
4.00 4 1
4.00 3 4
4.00 3 8
4.00 3 3
4.05 5 1
4.05 4 4
4.05 3 8
4.05 3 3
4.10 5 1
4.10 1 4
4.10 1 8
4.10 1 3
4.15 5 1
4.15 4 4
4.15 4 8
4.15 3 3
4.20 6 1
4.20 5 4
4.20 2 8
4.20 2 3
4.25 6 1
4.25 1 4
4.25 1 8
4.25 1 3
4.30 6 1
4.30 5 4
4.30 4 8
4.30 4 3
4.35 6 1
4.35 5 4
4.35 3 8
4.35 2 3
4.40 6 1
4.40 1 4
4.40 1 8
4.40 1 3
5.00 4 1
5.00 3 4
5.00 3 8
5.00 3 3
5.05 5 1
5.05 4 4
5.05 2 8
5.05 2 3
5.10 5 1
5.10 1 4
5.10 1 8
5.10 1 3
5.15 5 1
5.15 4 4
5.15 3 8
5.15 3 3
5.20 6 1
5.20 1 4
5.20 1 8
5.20 1 3
5.25 6 1
5.25 1 4
5.25 1 8
5.25 1 3
5.30 6 1
5.30 5 4
5.30 4 8
5.30 4 3
5.35 6 1
5.35 5 4
5.35 2 8
5.35 2 3
5.40 6 1
5.40 1 4
5.40 1 8
5.40 1 3
6.00 4 1
6.00 3 4
6.00 3 8
6.00 3 3
6.05 5 1
6.05 4 4
6.05 2 8
6.05 2 3
6.10 5 1
6.10 1 4
6.10 1 8
6.10 1 3
6.15 5 1
6.15 4 4
6.15 4 8
6.15 3 3
6.20 6 1
6.20 1 4
6.20 1 8
6.20 1 3
6.25 6 1
6.25 1 4
6.25 1 8
6.25 1 3
6.30 6 1
6.30 5 4
6.30 4 8
6.30 4 3
6.35 6 1
6.35 5 4
6.35 2 8
6.35 2 3
6.40 6 1
6.40 1 4
6.40 1 8
6.40 1 3
7.00 4 1
7.00 3 4
7.00 3 8
7.00 3 3
7.05 5 1
7.05 4 4
7.05 2 8
7.05 2 3
7.10 5 1
7.10 1 4
7.10 1 8
7.10 1 3
7.15 5 1
7.15 4 4
7.15 3 8
7.15 3 3
7.20 6 1
7.20 1 4
7.20 1 8
7.20 1 3
7.25 6 1
7.25 1 4
7.25 1 8
7.25 1 3
7.30 6 1
7.30 5 4
7.30 4 8
7.30 4 3
7.35 6 1
7.35 5 4
7.35 2 8
7.35 2 3
7.40 6 1
7.40 1 4
7.40 1 8
7.40 1 3
8.00 4 1
8.00 3 4
8.00 3 8
8.00 3 3
8.05 5 1
8.05 4 4
8.05 2 8
8.05 2 3
8.10 5 1
8.10 1 4
8.10 1 8
8.10 1 3
8.15 5 1
8.15 4 4
8.15 3 8
8.15 3 3
8.20 6 1
8.20 1 4
8.20 1 8
8.20 1 3
8.25 6 1
8.25 1 4
8.25 1 8
8.25 1 3
8.30 6 1
8.30 5 4
8.30 4 8
8.30 4 3
8.35 6 1
8.35 5 4
8.35 2 8
8.35 2 3
8.40 6 1
8.40 1 4
8.40 1 8
8.40 1 3
9.00 4 1
9.00 3 4
9.00 3 8
9.00 3 3
9.05 5 1
9.05 4 4
9.05 2 8
9.05 2 3
9.10 5 1
9.10 1 4
9.10 1 8
9.10 1 3
9.15 5 1
9.15 4 4
9.15 3 8
9.15 3 3
9.20 6 1
9.20 1 4
9.20 1 8
9.20 1 3
9.25 6 1
9.25 1 4
9.25 1 8
9.25 1 3
9.30 6 1
9.30 5 4
9.30 4 8
9.30 4 3
9.35 6 1
9.35 1 4
9.35 1 8
9.35 1 3
9.40 6 1
9.40 1 4
9.40 1 8
9.40 1 3
10.00 4 1
10.00 3 4
10.00 3 8
10.00 3 3
10.05 5 1
10.05 4 4
10.05 2 8
10.05 2 3
10.10 5 1
10.10 1 4
10.10 1 8
10.10 1 3
10.15 5 1
10.15 4 4
10.15 3 8
10.15 3 3
10.20 6 1
10.20 1 4
10.20 1 8
10.20 1 3
10.25 6 1
10.25 1 4
10.25 1 8
10.25 1 3
10.30 6 1
10.30 5 4
10.30 3 8
10.30 4 3
10.35 6 1
10.35 1 4
10.35 1 8
10.35 1 3
10.40 6 1
10.40 1 4
10.40 1 8
10.40 1 3
