1 0.00000 1
1 0.44457 4
1 18.81043 8
1 38.92894 3
2 0.00000 1
2 11.02244 4
2 66.69400 8
2 78.74899 3
3 0.00000 1
3 19.94021 4
3 44.79691 8
3 59.49082 3
4 0.00000 1
4 17.32421 4
4 38.92667 8
4 55.32460 3
5 0.00000 1
5 29.37984 4
5 35.99053 8
5 56.81309 3
6 0.00000 1
6 18.78978 4
6 27.88614 8
6 47.32228 3
7 0.00000 1
7 31.50531 4
7 35.91736 8
7 50.08771 3
8 0.00000 1
8 23.80952 4
8 30.58251 8
8 48.53123 3
9 0.00000 1
9 34.04139 4
9 42.81046 8
9 49.40087 3
10 0.00000 1
10 35.19006 4
10 40.06823 8
10 46.70565 3
