1 0.00000 1
1 18.70370 4
1 35.74074 8
1 37.59259 3
2 0.00000 1
2 26.11111 4
2 45.74074 8
2 45.37037 3
3 0.00000 1
3 33.51852 4
3 51.29630 8
3 55.74074 3
4 0.00000 1
4 40.18519 4
4 53.51852 8
4 57.59259 3
5 0.00000 1
5 47.59259 4
5 61.66667 8
5 61.66667 3
6 0.00000 1
6 47.59259 4
6 59.44444 8
6 61.66667 3
7 0.00000 1
7 47.59259 4
7 61.66667 8
7 61.66667 3
8 0.00000 1
8 47.59259 4
8 61.66667 8
8 61.66667 3
9 0.00000 1
9 55.00000 4
9 63.51852 8
9 63.51852 3
10 0.00000 1
10 55.00000 4
10 65.37037 8
10 63.51852 3
