1.00 870 1
1.00 877 4
1.00 770 8
1.00 515 3
1.08 231 1
1.08 221 4
1.08 190 8
1.08 148 3
1.16 242 1
1.16 231 4
1.16 195 8
1.16 146 3
1.24 1692 1
1.24 1732 4
1.24 1418 8
1.24 1173 3
1.32 617 1
1.32 603 4
1.32 475 8
1.32 340 3
1.40 309 1
1.40 322 4
1.40 246 8
1.40 211 3
1.48 22304 1
1.48 22243 4
1.48 18248 8
1.48 10699 3
1.56 9465 1
1.56 9434 4
1.56 7560 8
1.56 6569 3
1.64 1360 1
1.64 1365 4
1.64 1051 8
1.64 761 3
2.00 430 1
2.00 424 4
2.00 284 8
2.00 182 3
2.08 33 1
2.08 35 4
2.08 19 8
2.08 9 3
2.16 14 1
2.16 13 4
2.16 4 8
2.16 4 3
2.24 41 1
2.24 40 4
2.24 20 8
2.24 19 3
2.32 32 1
2.32 28 4
2.32 7 8
2.32 5 3
2.40 107 1
2.40 100 4
2.40 7 8
2.40 4 3
2.48 128 1
2.48 132 4
2.48 36 8
2.48 19 3
2.56 165 1
2.56 188 4
2.56 57 8
2.56 8 3
2.64 13 1
2.64 1 4
2.64 1 8
2.64 1 3
3.00 277 1
3.00 282 4
3.00 194 8
3.00 123 3
3.08 17 1
3.08 19 4
3.08 13 8
3.08 6 3
3.16 6 1
3.16 4 4
3.16 3 8
3.16 3 3
3.24 17 1
3.24 17 4
3.24 13 8
3.24 12 3
3.32 6 1
3.32 6 4
3.32 5 8
3.32 4 3
3.40 8 1
3.40 1 4
3.40 1 8
3.40 1 3
3.48 29 1
3.48 28 4
3.48 19 8
3.48 12 3
3.56 48 1
3.56 47 4
3.56 14 8
3.56 5 3
3.64 3 1
3.64 1 4
3.64 1 8
3.64 1 3
4.00 207 1
4.00 212 4
4.00 155 8
4.00 96 3
4.08 12 1
4.08 12 4
4.08 8 8
4.08 5 3
4.16 4 1
4.16 1 4
4.16 1 8
4.16 1 3
4.24 12 1
4.24 12 4
4.24 9 8
4.24 9 3
4.32 4 1
4.32 5 4
4.32 2 8
4.32 2 3
4.40 2 1
4.40 1 4
4.40 1 8
4.40 1 3
4.48 19 1
4.48 19 4
4.48 15 8
4.48 9 3
4.56 24 1
4.56 22 4
4.56 19 8
4.56 4 3
4.64 2 1
4.64 1 4
4.64 1 8
4.64 1 3
5.00 172 1
5.00 173 4
5.00 128 8
5.00 78 3
5.08 10 1
5.08 9 4
5.08 4 8
5.08 4 3
5.16 2 1
5.16 1 4
5.16 1 8
5.16 1 3
5.24 10 1
5.24 9 4
5.24 8 8
5.24 7 3
5.32 6 1
5.32 1 4
5.32 1 8
5.32 1 3
5.40 2 1
5.40 1 4
5.40 1 8
5.40 1 3
5.48 15 1
5.48 14 4
5.48 12 8
5.48 7 3
5.56 20 1
5.56 19 4
5.56 27 8
5.56 4 3
5.64 2 1
5.64 1 4
5.64 1 8
5.64 1 3
6.00 142 1
6.00 148 4
6.00 112 8
6.00 68 3
6.08 6 1
6.08 4 4
6.08 8 8
6.08 4 3
6.16 2 1
6.16 1 4
6.16 1 8
6.16 1 3
6.24 8 1
6.24 8 4
6.24 6 8
6.24 6 3
6.32 2 1
6.32 1 4
6.32 1 8
6.32 1 3
6.40 2 1
6.40 1 4
6.40 1 8
6.40 1 3
6.48 11 1
6.48 11 4
6.48 9 8
6.48 6 3
6.56 10 1
6.56 16 4
6.56 8 8
6.56 3 3
6.64 2 1
6.64 1 4
6.64 1 8
6.64 1 3
7.00 128 1
7.00 129 4
7.00 102 8
7.00 59 3
7.08 7 1
7.08 6 4
7.08 3 8
7.08 3 3
7.16 2 1
7.16 1 4
7.16 1 8
7.16 1 3
7.24 7 1
7.24 6 4
7.24 6 8
7.24 6 3
7.32 2 1
7.32 1 4
7.32 1 8
7.32 1 3
7.40 2 1
7.40 1 4
7.40 1 8
7.40 1 3
7.48 11 1
7.48 10 4
7.48 9 8
7.48 6 3
7.56 15 1
7.56 8 4
7.56 13 8
7.56 3 3
7.64 2 1
7.64 1 4
7.64 1 8
7.64 1 3
8.00 114 1
8.00 114 4
8.00 91 8
8.00 53 3
8.08 3 1
8.08 3 4
8.08 3 8
8.08 2 3
8.16 2 1
8.16 1 4
8.16 1 8
8.16 1 3
8.24 7 1
8.24 6 4
8.24 5 8
8.24 5 3
8.32 2 1
8.32 1 4
8.32 1 8
8.32 1 3
8.40 2 1
8.40 1 4
8.40 1 8
8.40 1 3
8.48 9 1
8.48 9 4
8.48 8 8
8.48 5 3
8.56 13 1
8.56 13 4
8.56 11 8
8.56 3 3
8.64 2 1
8.64 1 4
8.64 1 8
8.64 1 3
9.00 102 1
9.00 104 4
9.00 83 8
9.00 48 3
9.08 3 1
9.08 3 4
9.08 2 8
9.08 2 3
9.16 2 1
9.16 1 4
9.16 1 8
9.16 1 3
9.24 6 1
9.24 5 4
9.24 5 8
9.24 5 3
9.32 2 1
9.32 1 4
9.32 1 8
9.32 1 3
9.40 2 1
9.40 1 4
9.40 1 8
9.40 1 3
9.48 8 1
9.48 8 4
9.48 6 8
9.48 4 3
9.56 12 1
9.56 1 4
9.56 1 8
9.56 1 3
9.64 2 1
9.64 1 4
9.64 1 8
9.64 1 3
10.00 95 1
10.00 91 4
10.00 77 8
10.00 44 3
10.08 3 1
10.08 2 4
10.08 2 8
10.08 2 3
10.16 2 1
10.16 1 4
10.16 1 8
10.16 1 3
10.24 6 1
10.24 5 4
10.24 4 8
10.24 4 3
10.32 2 1
10.32 1 4
10.32 1 8
10.32 1 3
10.40 2 1
10.40 1 4
10.40 1 8
10.40 1 3
10.48 8 1
10.48 7 4
10.48 6 8
10.48 4 3
10.56 2 1
10.56 1 4
10.56 1 8
10.56 1 3
10.64 2 1
10.64 1 4
10.64 1 8
10.64 1 3
