1.00 870 1
1.00 877 4
1.00 770 8
1.00 515 3
1.05 231 1
1.05 221 4
1.05 190 8
1.05 148 3
1.10 242 1
1.10 231 4
1.10 195 8
1.10 146 3
1.15 1692 1
1.15 1732 4
1.15 1418 8
1.15 1173 3
1.20 617 1
1.20 603 4
1.20 475 8
1.20 340 3
1.25 309 1
1.25 322 4
1.25 246 8
1.25 211 3
1.30 22304 1
1.30 22243 4
1.30 18248 8
1.30 10699 3
1.35 9465 1
1.35 9434 4
1.35 7560 8
1.35 6569 3
1.40 1360 1
1.40 1365 4
1.40 1051 8
1.40 761 3
2.00 430 1
2.00 424 4
2.00 284 8
2.00 182 3
2.05 33 1
2.05 35 4
2.05 19 8
2.05 9 3
2.10 14 1
2.10 13 4
2.10 4 8
2.10 4 3
2.15 41 1
2.15 40 4
2.15 20 8
2.15 19 3
2.20 32 1
2.20 28 4
2.20 7 8
2.20 5 3
2.25 107 1
2.25 100 4
2.25 7 8
2.25 4 3
2.30 128 1
2.30 132 4
2.30 36 8
2.30 19 3
2.35 165 1
2.35 188 4
2.35 57 8
2.35 8 3
2.40 13 1
2.40 1 4
2.40 1 8
2.40 1 3
3.00 277 1
3.00 282 4
3.00 194 8
3.00 123 3
3.05 17 1
3.05 19 4
3.05 13 8
3.05 6 3
3.10 6 1
3.10 4 4
3.10 3 8
3.10 3 3
3.15 17 1
3.15 17 4
3.15 13 8
3.15 12 3
3.20 6 1
3.20 6 4
3.20 5 8
3.20 4 3
3.25 8 1
3.25 1 4
3.25 1 8
3.25 1 3
3.30 29 1
3.30 28 4
3.30 19 8
3.30 12 3
3.35 48 1
3.35 47 4
3.35 14 8
3.35 5 3
3.40 3 1
3.40 1 4
3.40 1 8
3.40 1 3
4.00 207 1
4.00 212 4
4.00 155 8
4.00 96 3
4.05 12 1
4.05 12 4
4.05 8 8
4.05 5 3
4.10 4 1
4.10 1 4
4.10 1 8
4.10 1 3
4.15 12 1
4.15 12 4
4.15 9 8
4.15 9 3
4.20 4 1
4.20 5 4
4.20 2 8
4.20 2 3
4.25 2 1
4.25 1 4
4.25 1 8
4.25 1 3
4.30 19 1
4.30 19 4
4.30 15 8
4.30 9 3
4.35 24 1
4.35 22 4
4.35 19 8
4.35 4 3
4.40 2 1
4.40 1 4
4.40 1 8
4.40 1 3
5.00 172 1
5.00 173 4
5.00 128 8
5.00 78 3
5.05 10 1
5.05 9 4
5.05 4 8
5.05 4 3
5.10 2 1
5.10 1 4
5.10 1 8
5.10 1 3
5.15 10 1
5.15 9 4
5.15 8 8
5.15 7 3
5.20 6 1
5.20 1 4
5.20 1 8
5.20 1 3
5.25 2 1
5.25 1 4
5.25 1 8
5.25 1 3
5.30 15 1
5.30 14 4
5.30 12 8
5.30 7 3
5.35 20 1
5.35 19 4
5.35 27 8
5.35 4 3
5.40 2 1
5.40 1 4
5.40 1 8
5.40 1 3
6.00 142 1
6.00 148 4
6.00 112 8
6.00 68 3
6.05 6 1
6.05 4 4
6.05 8 8
6.05 4 3
6.10 2 1
6.10 1 4
6.10 1 8
6.10 1 3
6.15 8 1
6.15 8 4
6.15 6 8
6.15 6 3
6.20 2 1
6.20 1 4
6.20 1 8
6.20 1 3
6.25 2 1
6.25 1 4
6.25 1 8
6.25 1 3
6.30 11 1
6.30 11 4
6.30 9 8
6.30 6 3
6.35 10 1
6.35 16 4
6.35 8 8
6.35 3 3
6.40 2 1
6.40 1 4
6.40 1 8
6.40 1 3
7.00 128 1
7.00 129 4
7.00 102 8
7.00 59 3
7.05 7 1
7.05 6 4
7.05 3 8
7.05 3 3
7.10 2 1
7.10 1 4
7.10 1 8
7.10 1 3
7.15 7 1
7.15 6 4
7.15 6 8
7.15 6 3
7.20 2 1
7.20 1 4
7.20 1 8
7.20 1 3
7.25 2 1
7.25 1 4
7.25 1 8
7.25 1 3
7.30 11 1
7.30 10 4
7.30 9 8
7.30 6 3
7.35 15 1
7.35 8 4
7.35 13 8
7.35 3 3
7.40 2 1
7.40 1 4
7.40 1 8
7.40 1 3
8.00 114 1
8.00 114 4
8.00 91 8
8.00 53 3
8.05 3 1
8.05 3 4
8.05 3 8
8.05 2 3
8.10 2 1
8.10 1 4
8.10 1 8
8.10 1 3
8.15 7 1
8.15 6 4
8.15 5 8
8.15 5 3
8.20 2 1
8.20 1 4
8.20 1 8
8.20 1 3
8.25 2 1
8.25 1 4
8.25 1 8
8.25 1 3
8.30 9 1
8.30 9 4
8.30 8 8
8.30 5 3
8.35 13 1
8.35 13 4
8.35 11 8
8.35 3 3
8.40 2 1
8.40 1 4
8.40 1 8
8.40 1 3
9.00 102 1
9.00 104 4
9.00 83 8
9.00 48 3
9.05 3 1
9.05 3 4
9.05 2 8
9.05 2 3
9.10 2 1
9.10 1 4
9.10 1 8
9.10 1 3
9.15 6 1
9.15 5 4
9.15 5 8
9.15 5 3
9.20 2 1
9.20 1 4
9.20 1 8
9.20 1 3
9.25 2 1
9.25 1 4
9.25 1 8
9.25 1 3
9.30 8 1
9.30 8 4
9.30 6 8
9.30 4 3
9.35 12 1
9.35 1 4
9.35 1 8
9.35 1 3
9.40 2 1
9.40 1 4
9.40 1 8
9.40 1 3
10.00 95 1
10.00 91 4
10.00 77 8
10.00 44 3
10.05 3 1
10.05 2 4
10.05 2 8
10.05 2 3
10.10 2 1
10.10 1 4
10.10 1 8
10.10 1 3
10.15 6 1
10.15 5 4
10.15 4 8
10.15 4 3
10.20 2 1
10.20 1 4
10.20 1 8
10.20 1 3
10.25 2 1
10.25 1 4
10.25 1 8
10.25 1 3
10.30 8 1
10.30 7 4
10.30 6 8
10.30 4 3
10.35 2 1
10.35 1 4
10.35 1 8
10.35 1 3
10.40 2 1
10.40 1 4
10.40 1 8
10.40 1 3
