1.00 4 1
1.00 3 4
1.00 3 8
1.00 3 3
1.08 5 1
1.08 4 4
1.08 4 8
1.08 4 3
1.16 5 1
1.16 4 4
1.16 3 8
1.16 3 3
1.24 5 1
1.24 4 4
1.24 4 8
1.24 4 3
1.32 6 1
1.32 5 4
1.32 4 8
1.32 4 3
1.40 6 1
1.40 5 4
1.40 3 8
1.40 3 3
1.48 6 1
1.48 5 4
1.48 4 8
1.48 4 3
1.56 6 1
1.56 5 4
1.56 4 8
1.56 4 3
1.64 6 1
1.64 5 4
1.64 2 8
1.64 1 3
2.00 4 1
2.00 3 4
2.00 3 8
2.00 3 3
2.08 5 1
2.08 4 4
2.08 4 8
2.08 4 3
2.16 5 1
2.16 4 4
2.16 2 8
2.16 2 3
2.24 5 1
2.24 4 4
2.24 3 8
2.24 4 3
2.32 6 1
2.32 5 4
2.32 3 8
2.32 2 3
2.40 6 1
2.40 5 4
2.40 2 8
2.40 2 3
2.48 6 1
2.48 5 4
2.48 4 8
2.48 4 3
2.56 6 1
2.56 5 4
2.56 4 8
2.56 4 3
2.64 6 1
2.64 1 4
2.64 1 8
2.64 1 3
3.00 4 1
3.00 3 4
3.00 3 8
3.00 3 3
3.08 5 1
3.08 4 4
3.08 3 8
3.08 3 3
3.16 5 1
3.16 4 4
3.16 2 8
3.16 1 3
3.24 5 1
3.24 4 4
3.24 4 8
3.24 3 3
3.32 6 1
3.32 5 4
3.32 2 8
3.32 2 3
3.40 6 1
3.40 1 4
3.40 1 8
3.40 1 3
3.48 6 1
3.48 5 4
3.48 4 8
3.48 4 3
3.56 6 1
3.56 5 4
3.56 3 8
3.56 3 3
3.64 6 1
3.64 1 4
3.64 1 8
3.64 1 3
4.00 4 1
4.00 3 4
4.00 3 8
4.00 3 3
4.08 5 1
4.08 4 4
4.08 3 8
4.08 3 3
4.16 5 1
4.16 1 4
4.16 1 8
4.16 1 3
4.24 5 1
4.24 4 4
4.24 4 8
4.24 3 3
4.32 6 1
4.32 5 4
4.32 2 8
4.32 2 3
4.40 6 1
4.40 1 4
4.40 1 8
4.40 1 3
4.48 6 1
4.48 5 4
4.48 4 8
4.48 4 3
4.56 6 1
4.56 5 4
4.56 3 8
4.56 2 3
4.64 6 1
4.64 1 4
4.64 1 8
4.64 1 3
5.00 4 1
5.00 3 4
5.00 3 8
5.00 3 3
5.08 5 1
5.08 4 4
5.08 2 8
5.08 2 3
5.16 5 1
5.16 1 4
5.16 1 8
5.16 1 3
5.24 5 1
5.24 4 4
5.24 3 8
5.24 3 3
5.32 6 1
5.32 1 4
5.32 1 8
5.32 1 3
5.40 6 1
5.40 1 4
5.40 1 8
5.40 1 3
5.48 6 1
5.48 5 4
5.48 4 8
5.48 4 3
5.56 6 1
5.56 5 4
5.56 2 8
5.56 2 3
5.64 6 1
5.64 1 4
5.64 1 8
5.64 1 3
6.00 4 1
6.00 3 4
6.00 3 8
6.00 3 3
6.08 5 1
6.08 4 4
6.08 2 8
6.08 2 3
6.16 5 1
6.16 1 4
6.16 1 8
6.16 1 3
6.24 5 1
6.24 4 4
6.24 4 8
6.24 3 3
6.32 6 1
6.32 1 4
6.32 1 8
6.32 1 3
6.40 6 1
6.40 1 4
6.40 1 8
6.40 1 3
6.48 6 1
6.48 5 4
6.48 4 8
6.48 4 3
6.56 6 1
6.56 5 4
6.56 2 8
6.56 2 3
6.64 6 1
6.64 1 4
6.64 1 8
6.64 1 3
7.00 4 1
7.00 3 4
7.00 3 8
7.00 3 3
7.08 5 1
7.08 4 4
7.08 2 8
7.08 2 3
7.16 5 1
7.16 1 4
7.16 1 8
7.16 1 3
7.24 5 1
7.24 4 4
7.24 3 8
7.24 3 3
7.32 6 1
7.32 1 4
7.32 1 8
7.32 1 3
7.40 6 1
7.40 1 4
7.40 1 8
7.40 1 3
7.48 6 1
7.48 5 4
7.48 4 8
7.48 4 3
7.56 6 1
7.56 5 4
7.56 2 8
7.56 2 3
7.64 6 1
7.64 1 4
7.64 1 8
7.64 1 3
8.00 4 1
8.00 3 4
8.00 3 8
8.00 3 3
8.08 5 1
8.08 4 4
8.08 2 8
8.08 2 3
8.16 5 1
8.16 1 4
8.16 1 8
8.16 1 3
8.24 5 1
8.24 4 4
8.24 3 8
8.24 3 3
8.32 6 1
8.32 1 4
8.32 1 8
8.32 1 3
8.40 6 1
8.40 1 4
8.40 1 8
8.40 1 3
8.48 6 1
8.48 5 4
8.48 4 8
8.48 4 3
8.56 6 1
8.56 5 4
8.56 2 8
8.56 2 3
8.64 6 1
8.64 1 4
8.64 1 8
8.64 1 3
9.00 4 1
9.00 3 4
9.00 3 8
9.00 3 3
9.08 5 1
9.08 4 4
9.08 2 8
9.08 2 3
9.16 5 1
9.16 1 4
9.16 1 8
9.16 1 3
9.24 5 1
9.24 4 4
9.24 3 8
9.24 3 3
9.32 6 1
9.32 1 4
9.32 1 8
9.32 1 3
9.40 6 1
9.40 1 4
9.40 1 8
9.40 1 3
9.48 6 1
9.48 5 4
9.48 4 8
9.48 4 3
9.56 6 1
9.56 1 4
9.56 1 8
9.56 1 3
9.64 6 1
9.64 1 4
9.64 1 8
9.64 1 3
10.00 4 1
10.00 3 4
10.00 3 8
10.00 3 3
10.08 5 1
10.08 4 4
10.08 2 8
10.08 2 3
10.16 5 1
10.16 1 4
10.16 1 8
10.16 1 3
10.24 5 1
10.24 4 4
10.24 3 8
10.24 3 3
10.32 6 1
10.32 1 4
10.32 1 8
10.32 1 3
10.40 6 1
10.40 1 4
10.40 1 8
10.40 1 3
10.48 6 1
10.48 5 4
10.48 3 8
10.48 4 3
10.56 6 1
10.56 1 4
10.56 1 8
10.56 1 3
10.64 6 1
10.64 1 4
10.64 1 8
10.64 1 3
