809.23,136192.0,6,20250417_010557
610.86,136192.0,6,20250417_011608
723.02,134144.0,6,20250417_012812
575.48,136192.0,6,20250417_013748
609.2,136192.0,6,20250417_014757
582.07,136192.0,6,20250417_015740
487.43,136192.0,6,20250417_020547
600.0,136192.0,6,20250417_021548
485.65,135168.0,6,20250417_022354
473.17,136192.0,6,20250417_023148
463.27,136192.0,6,20250417_163922
478.6,136192.0,6,20250417_164721
610.96,135168.0,6,20250417_165732
464.91,136192.0,6,20250417_170518
465.63,136192.0,6,20250417_171303
465.99,136192.0,6,20250417_172050
466.9,136192.0,6,20250417_172837
473.8,136192.0,6,20250417_173631
473.84,135168.0,6,20250417_174425
467.46,137216.0,6,20250417_175213
