426.26,134144.0,6,20250416_204434
429.93,135168.0,6,20250416_205144
425.99,135168.0,6,20250416_205850
423.18,136192.0,6,20250416_210554
432.83,136192.0,6,20250416_211307
442.57,132096.0,6,20250416_212030
435.78,134144.0,6,20250416_212746
440.08,133120.0,6,20250416_213506
455.52,131072.0,6,20250416_214242
444.22,135168.0,6,20250416_215006
538.51,135168.0,6,20250417_123515
486.83,136192.0,6,20250417_124322
485.15,137216.0,6,20250417_125127
491.32,136192.0,6,20250417_125939
480.87,136192.0,6,20250417_130740
530.64,137216.0,6,20250417_131631
472.24,136192.0,6,20250417_132424
503.33,136192.0,6,20250417_133247
473.7,134144.0,6,20250417_134041
470.13,135168.0,6,20250417_134832
