436.11,137216.0,6,20250417_081231
452.14,136192.0,6,20250417_082004
437.62,136192.0,6,20250417_082721
614.6,136192.0,6,20250417_083736
622.05,136192.0,6,20250417_084759
595.9,136192.0,6,20250417_085755
592.77,135168.0,6,20250417_090748
462.69,136192.0,6,20250417_091531
444.93,136192.0,6,20250417_092256
464.71,136192.0,6,20250417_093041
516.22,136228.0,6,20250703_130127
541.84,136256.0,6,20250703_131029
511.25,136260.0,6,20250703_131900
504.47,134224.0,6,20250703_132725
521.87,135232.0,6,20250703_133608
511.68,136228.0,6,20250703_180055
501.4,137252.0,6,20250703_180916
504.52,134264.0,6,20250703_181741
504.03,136256.0,6,20250703_182606
503.19,136228.0,6,20250703_183429
488.83,136256.0,6,20250703_184238
487.98,135204.0,6,20250703_185047
506.9,136252.0,6,20250703_185914
501.26,135204.0,6,20250703_190735
498.25,137252.0,6,20250703_191554
537.28,133192.0,6,20250704_063103
486.57,136296.0,6,20250704_063910
485.02,137252.0,6,20250704_064715
489.07,136228.0,6,20250704_065524
498.08,136260.0,6,20250704_070343
486.59,136264.0,6,20250704_071149
537.5,135232.0,6,20250704_072047
502.9,134180.0,6,20250704_072911
500.47,136264.0,6,20250704_073731
534.18,135204.0,6,20250704_074626
544.6,136228.0,6,20250704_100512
515.28,136228.0,6,20250704_101348
536.24,134248.0,6,20250704_102244
527.24,135204.0,6,20250704_103132
532.47,135204.0,6,20250704_104025
505.53,134180.0,6,20250704_104851
538.97,133156.0,6,20250704_105750
480.09,135204.0,6,20250704_110551
578.5,135232.0,6,20250704_111530
474.99,134180.0,6,20250704_112325
477.59,134216.0,6,20250704_113123
591.75,136252.0,6,20250704_114115
532.96,134180.0,6,20250704_201003
532.3,135208.0,6,20250704_201856
537.42,136228.0,6,20250704_202754
542.52,134212.0,6,20250704_203657
620.05,134180.0,6,20250704_204717
559.34,135204.0,6,20250704_205637
602.5,134212.0,6,20250704_210640
519.08,136228.0,6,20250704_211519
496.71,136312.0,6,20250704_212336
578.61,136228.0,6,20250704_213316
555.85,135244.0,6,20250704_214232
583.95,135216.0,6,20250704_215216
553.3,135204.0,6,20250705_132206
522.88,136228.0,6,20250705_133049
545.39,135204.0,6,20250705_133955
555.89,135204.0,6,20250705_134911
497.33,136260.0,6,20250705_135729
481.87,136264.0,6,20250705_140531
482.69,136256.0,6,20250705_141334
481.1,136276.0,6,20250705_142135
481.42,136224.0,6,20250705_142937
516.12,136296.0,6,20250705_143813
608.71,135228.0,6,20250705_144822
619.15,135204.0,6,20250705_145842
570.87,136312.0,6,20250705_150813
576.78,136228.0,6,20250705_151750
594.14,136228.0,6,20250705_152745
575.73,134200.0,6,20250705_153721
535.53,136296.0,6,20250705_154617
533.92,136256.0,6,20250705_155511
526.23,136228.0,6,20250705_160357
524.07,136252.0,6,20250705_161242
