471.25,136192.0,6,20250417_065516
470.02,136192.0,6,20250417_070306
525.08,136192.0,6,20250417_071152
522.39,136192.0,6,20250417_072034
474.39,137216.0,6,20250417_072829
460.61,137216.0,6,20250417_073610
437.12,136192.0,6,20250417_074327
432.42,137216.0,6,20250417_075040
435.5,136192.0,6,20250417_075755
439.12,136192.0,6,20250417_080515
526.71,135200.0,6,20250703_130137
529.02,135236.0,6,20250703_131027
522.46,135204.0,6,20250703_131909
531.38,135204.0,6,20250703_132801
511.56,134212.0,6,20250703_180054
499.7,136316.0,6,20250703_180914
497.78,136288.0,6,20250703_181732
503.14,134180.0,6,20250703_182556
497.13,137248.0,6,20250703_183413
498.44,136228.0,6,20250703_184232
496.04,137252.0,6,20250703_185048
498.21,137300.0,6,20250703_185907
502.97,135204.0,6,20250703_190730
505.38,136256.0,6,20250703_191556
540.5,136228.0,6,20250704_100508
541.07,134212.0,6,20250704_101409
564.4,135204.0,6,20250704_102334
542.29,133156.0,6,20250704_103237
530.26,134260.0,6,20250704_104128
521.78,132164.0,6,20250704_105010
466.86,133172.0,6,20250704_105757
651.67,134180.0,6,20250704_110849
486.32,130164.0,6,20250704_111656
486.21,135288.0,6,20250704_112502
541.43,135204.0,6,20250704_113404
549.34,136224.0,6,20250704_114314
551.91,136228.0,6,20250704_201022
573.56,135204.0,6,20250704_201956
584.3,133152.0,6,20250704_202941
553.63,133152.0,6,20250704_203855
557.08,132164.0,6,20250704_204812
579.73,136228.0,6,20250704_205753
510.45,135212.0,6,20250704_210623
503.42,136228.0,6,20250704_211447
604.1,134244.0,6,20250704_212452
566.58,134204.0,6,20250704_213419
568.05,133188.0,6,20250704_214348
540.35,135204.0,6,20250704_215248
509.32,135204.0,6,20250705_132122
527.51,136228.0,6,20250705_133010
545.5,133156.0,6,20250705_133916
499.95,136228.0,6,20250705_134736
505.94,136276.0,6,20250705_135602
483.62,136228.0,6,20250705_140406
485.37,137252.0,6,20250705_141212
482.62,136256.0,6,20250705_142015
528.47,133172.0,6,20250705_142904
488.23,136252.0,6,20250705_143712
488.07,136228.0,6,20250705_144521
501.92,135212.0,6,20250705_145343
665.79,136228.0,6,20250705_150449
511.88,135204.0,6,20250705_151321
574.96,136228.0,6,20250705_152257
556.99,136220.0,6,20250705_153214
552.67,136220.0,6,20250705_154127
532.25,136228.0,6,20250705_155019
540.14,135232.0,6,20250705_155920
530.33,136276.0,6,20250705_160810
573.87,136228.0,6,20250712_050053
567.81,137252.0,6,20250712_051021
549.15,137288.0,6,20250712_051931
552.44,135236.0,6,20250712_052844
558.59,134180.0,6,20250712_053803
558.05,133192.0,6,20250712_054721
555.61,133156.0,6,20250712_055637
549.65,136296.0,6,20250712_060547
526.3,137280.0,6,20250712_061433
515.32,136280.0,6,20250712_062309
550.71,132164.0,6,20250712_063220
543.53,134232.0,6,20250712_064124
531.47,133156.0,6,20250712_065016
529.62,134180.0,6,20250712_065906
540.6,131108.0,6,20250712_070807
536.15,135204.0,6,20250712_071703
535.42,134180.0,6,20250712_072559
525.68,134204.0,6,20250712_073445
528.3,135280.0,6,20250712_074333
541.75,136228.0,6,20250712_075236
