587.3,137216.0,6,20250417_041237
525.31,135168.0,6,20250417_042123
501.24,136192.0,6,20250417_042944
688.02,137216.0,6,20250417_044113
497.01,136192.0,6,20250417_044930
496.16,136192.0,6,20250417_045746
480.86,136192.0,6,20250417_050547
460.65,136192.0,6,20250417_051328
466.84,136192.0,6,20250417_052115
444.5,137216.0,6,20250417_052840
417.14,136192.0,6,20250417_193941
408.62,136192.0,6,20250417_194629
419.17,136192.0,6,20250417_195329
413.49,137216.0,6,20250417_200023
420.02,135168.0,6,20250417_200723
411.45,137216.0,6,20250417_201414
413.82,136192.0,6,20250417_202108
414.49,137216.0,6,20250417_202803
447.82,136192.0,6,20250417_203531
412.56,136192.0,6,20250417_204224
