446.25,135168.0,6,20250417_110138
529.75,134144.0,6,20250417_111028
453.57,136192.0,6,20250417_111802
484.68,136192.0,6,20250417_112607
541.51,136192.0,6,20250417_113508
450.83,136192.0,6,20250417_114240
522.87,136192.0,6,20250417_115123
470.67,136192.0,6,20250417_115914
562.98,135168.0,6,20250417_120837
521.76,136192.0,6,20250417_121719
508.46,136228.0,6,20250704_063034
610.78,132132.0,6,20250704_064045
486.78,137248.0,6,20250704_064852
488.59,136260.0,6,20250704_065701
479.84,137332.0,6,20250704_070501
479.06,136228.0,6,20250704_071300
484.27,137264.0,6,20250704_072105
499.57,136272.0,6,20250704_072925
533.4,135232.0,6,20250704_073818
521.69,134176.0,6,20250704_074700
