437.49,132096.0,6,20250416_215724
450.88,134144.0,6,20250416_220456
447.96,133120.0,6,20250416_221224
434.86,134144.0,6,20250416_221939
428.88,133120.0,6,20250416_222648
423.1,136192.0,6,20250416_223352
469.16,136192.0,6,20250416_224141
485.22,134144.0,6,20250416_224946
680.39,134144.0,6,20250416_230107
592.07,136192.0,6,20250416_231100
476.29,135168.0,6,20250417_135628
487.98,136192.0,6,20250417_140436
502.89,135168.0,6,20250417_141300
472.1,137216.0,6,20250417_142052
495.37,135168.0,6,20250417_142908
533.0,135168.0,6,20250417_143801
468.57,136192.0,6,20250417_144550
451.52,136192.0,6,20250417_145322
487.28,136192.0,6,20250417_150129
475.31,137216.0,6,20250417_150925
