680.61,136192.0,6,20250417_094202
434.79,136192.0,6,20250417_094917
429.15,136192.0,6,20250417_095626
436.0,136192.0,6,20250417_100343
504.26,135168.0,6,20250417_101207
572.64,135168.0,6,20250417_102140
536.15,133120.0,6,20250417_103037
470.56,132096.0,6,20250417_103828
435.67,135168.0,6,20250417_104544
507.03,136192.0,6,20250417_105411
530.44,136228.0,6,20250703_130141
489.46,136224.0,6,20250703_130951
487.2,134180.0,6,20250703_131758
517.06,133156.0,6,20250703_132636
516.97,136252.0,6,20250703_133513
486.4,135204.0,6,20250703_134320
546.36,135252.0,6,20250703_180129
503.0,135212.0,6,20250703_180953
500.37,135232.0,6,20250703_181813
497.57,136260.0,6,20250703_182632
508.7,136264.0,6,20250703_183501
502.3,137252.0,6,20250703_184323
502.58,137252.0,6,20250703_185146
506.28,137252.0,6,20250703_190012
503.94,136288.0,6,20250703_190837
502.77,136236.0,6,20250703_191700
