612.42,135168.0,6,20250416_232113
620.05,136192.0,6,20250416_233133
562.49,136192.0,6,20250416_234056
620.37,136192.0,6,20250416_235116
590.5,133120.0,6,20250417_000107
577.08,132096.0,6,20250417_001045
727.61,134144.0,6,20250417_002253
578.45,134144.0,6,20250417_003231
594.28,133120.0,6,20250417_004226
601.47,136192.0,6,20250417_005228
491.67,136192.0,6,20250417_151737
468.29,134144.0,6,20250417_152526
481.16,135168.0,6,20250417_153327
531.93,135168.0,6,20250417_154219
507.0,136192.0,6,20250417_155047
506.33,136192.0,6,20250417_155913
510.87,136192.0,6,20250417_160744
527.33,135168.0,6,20250417_161632
452.24,135168.0,6,20250417_162404
454.14,134144.0,6,20250417_163139
