342.56,151940.0,246,20250416_182121
323.04,150920.0,246,20250416_182646
320.28,151940.0,246,20250416_183207
311.1,151936.0,246,20250416_183719
313.78,151940.0,246,20250416_184234
315.41,151940.0,246,20250416_184751
309.52,151944.0,246,20250416_185301
311.93,150916.0,246,20250416_185814
310.97,151940.0,246,20250416_190326
322.84,151940.0,246,20250416_190850
332.17,152044.0,246,20250702_175124
344.14,151988.0,246,20250702_175709
358.56,151988.0,246,20250702_180309
339.32,152180.0,246,20250702_180850
331.53,151100.0,246,20250702_181423
345.29,151968.0,246,20250702_182010
347.0,152012.0,246,20250702_182558
400.22,151096.0,246,20250702_183240
339.09,151972.0,246,20250702_183821
330.43,151096.0,246,20250702_184353
