481.28,135168.0,6,20250417_023949
476.83,136192.0,6,20250417_024746
466.7,137216.0,6,20250417_025533
476.04,136192.0,6,20250417_030330
468.06,136192.0,6,20250417_031118
632.91,135168.0,6,20250417_032151
567.15,136192.0,6,20250417_033119
599.64,136192.0,6,20250417_034119
636.34,136192.0,6,20250417_035156
653.61,136192.0,6,20250417_040249
475.37,136192.0,6,20250417_180008
502.4,136192.0,6,20250417_180831
485.6,137216.0,6,20250417_181637
507.35,134144.0,6,20250417_182505
515.59,135168.0,6,20250417_183341
570.94,135284.0,6,20250703_112527
570.72,135284.0,6,20250703_113458
500.2,134212.0,6,20250703_114319
