467.85,125952.0,5,20250416_215842
456.53,125952.0,5,20250416_220619
470.74,124928.0,5,20250416_221410
462.98,123904.0,5,20250416_222153
467.8,126976.0,5,20250416_222941
498.24,125952.0,5,20250416_223800
540.75,128000.0,5,20250416_224701
621.28,128000.0,5,20250416_225723
630.85,123904.0,5,20250416_230754
712.01,124928.0,5,20250416_231947
519.08,127012.0,5,20250702_190816
548.62,127032.0,5,20250702_191725
572.49,127052.0,5,20250702_192658
537.28,127012.0,5,20250702_193555
539.15,124024.0,5,20250702_194455
512.71,125988.0,5,20250702_195328
498.98,128048.0,5,20250702_200147
536.19,128036.0,5,20250702_201044
503.21,127012.0,5,20250702_201907
534.59,125988.0,5,20250702_202802
510.12,128120.0,5,20250703_033104
507.14,128036.0,5,20250703_033932
523.91,129068.0,5,20250703_034816
572.0,128036.0,5,20250703_050025
547.5,127012.0,5,20250703_050933
527.23,128116.0,5,20250703_051820
534.99,128060.0,5,20250703_052716
572.5,127048.0,5,20250703_053649
497.11,129060.0,5,20250703_054506
525.22,128044.0,5,20250703_094357
545.64,127012.0,5,20250703_095303
529.99,125984.0,5,20250703_100153
533.14,127048.0,5,20250703_101046
556.63,127028.0,5,20250703_102004
523.17,128032.0,5,20250703_102847
510.15,129060.0,5,20250703_103717
558.19,123940.0,5,20250703_104636
532.72,128064.0,5,20250703_105529
493.79,128108.0,5,20250703_110343
