63.39,203960.0,8,20250416_205030
65.02,203972.0,8,20250416_205135
71.84,203964.0,8,20250416_205247
63.34,204084.0,8,20250416_205351
62.64,203964.0,8,20250416_205454
62.42,203964.0,8,20250416_205557
65.48,204208.0,8,20250416_205702
63.98,203964.0,8,20250416_205807
61.48,203964.0,8,20250416_205908
66.96,204316.0,8,20250416_210015
66.77,204364.0,8,20250702_174657
72.76,203996.0,8,20250702_174811
69.44,204016.0,8,20250702_174920
64.36,204292.0,8,20250702_175025
67.16,204476.0,8,20250702_175132
67.41,204004.0,8,20250702_175240
73.99,204104.0,8,20250702_175355
70.81,203204.0,8,20250702_175506
67.61,204020.0,8,20250702_175614
68.18,203872.0,8,20250702_175722
