336.65,176128.0,2,20250416_180752
341.52,177152.0,2,20250416_181334
339.8,177152.0,2,20250416_181914
369.53,176128.0,2,20250416_182524
339.48,175104.0,2,20250416_183104
336.19,177152.0,2,20250416_183640
334.74,177152.0,2,20250416_184215
337.94,177152.0,2,20250416_184753
335.75,176128.0,2,20250416_185329
338.0,175104.0,2,20250416_185907
386.8,178224.0,2,20250702_190604
391.55,177216.0,2,20250702_191235
395.85,176192.0,2,20250702_191912
389.85,177208.0,2,20250702_192542
385.18,179236.0,2,20250702_193208
411.81,175160.0,2,20250702_193900
413.65,178236.0,2,20250702_194554
399.43,177204.0,2,20250702_195234
377.23,179236.0,2,20250702_195852
391.73,177188.0,2,20250702_200524
408.51,178204.0,2,20250703_032923
414.65,177232.0,2,20250703_033618
392.76,178212.0,2,20250703_034251
392.6,178212.0,2,20250703_034924
392.86,177188.0,2,20250703_035557
387.48,179244.0,2,20250703_045720
378.69,178272.0,2,20250703_050339
379.59,179272.0,2,20250703_050959
376.48,179236.0,2,20250703_051616
378.33,179264.0,2,20250703_052234
378.1,178288.0,2,20250703_052853
378.29,177216.0,2,20250703_094130
393.54,179252.0,2,20250703_094804
398.27,178212.0,2,20250703_095442
466.1,177188.0,2,20250703_100229
399.65,177188.0,2,20250703_100909
379.22,179236.0,2,20250703_101528
376.45,178244.0,2,20250703_102145
404.89,177268.0,2,20250703_102830
390.12,176164.0,2,20250703_103501
407.69,177188.0,2,20250703_104149
