0.06,9216.0,1,20250416_180101
0.07,9216.0,1,20250416_180101
0.05,9216.0,1,20250416_180102
0.06,9216.0,1,20250416_180102
0.07,9216.0,1,20250416_180102
0.07,9216.0,1,20250416_180102
0.05,9216.0,1,20250416_180102
0.06,9216.0,1,20250416_180102
0.07,9216.0,1,20250416_180102
0.07,9216.0,1,20250416_180102
0.07,9216.0,1,20250417_190844
0.07,9216.0,1,20250417_190845
0.07,9216.0,1,20250417_190845
0.06,9216.0,1,20250417_190845
0.06,9216.0,1,20250417_190845
0.06,9216.0,1,20250417_190845
0.06,9216.0,1,20250417_190845
0.06,9216.0,1,20250417_190845
0.07,9216.0,1,20250417_190845
0.07,9216.0,1,20250417_190845
