0.07,9216.0,1,20250416_175416
0.07,9216.0,1,20250416_175416
0.06,9216.0,1,20250416_175417
0.07,9216.0,1,20250416_175417
0.06,9216.0,1,20250416_175417
0.07,9216.0,1,20250416_175417
0.07,9216.0,1,20250416_175417
0.07,9216.0,1,20250416_175417
0.07,9216.0,1,20250416_175417
0.06,9216.0,1,20250416_175417
0.07,9216.0,1,20250417_190843
0.07,9216.0,1,20250417_190843
0.06,9216.0,1,20250417_190844
0.07,9216.0,1,20250417_190844
0.07,9216.0,1,20250417_190844
0.06,9216.0,1,20250417_190844
0.07,9216.0,1,20250417_190844
0.07,9216.0,1,20250417_190844
0.07,9216.0,1,20250417_190844
0.06,9216.0,1,20250417_190844
