0.46,27648.0,4,20250416_175718
0.46,27648.0,4,20250416_175719
0.46,27648.0,4,20250416_175719
0.45,27648.0,4,20250416_175720
0.46,27648.0,4,20250416_175720
0.45,27648.0,4,20250416_175721
0.45,27648.0,4,20250416_175721
0.45,27648.0,4,20250416_175722
0.46,27648.0,4,20250416_175722
0.45,27648.0,4,20250416_175723
0.46,27648.0,4,20250417_190846
0.47,27648.0,4,20250417_190846
0.46,27648.0,4,20250417_190847
0.46,27648.0,4,20250417_190848
0.46,27648.0,4,20250417_190848
0.46,27648.0,4,20250417_190849
0.46,27648.0,4,20250417_190849
0.46,27648.0,4,20250417_190850
0.45,27648.0,4,20250417_190850
0.45,27648.0,4,20250417_190851
