0.07,9216.0,1,20250416_175154
0.07,9216.0,1,20250416_175154
0.07,9216.0,1,20250416_175155
0.07,9216.0,1,20250416_175155
0.07,9216.0,1,20250416_175155
0.07,9216.0,1,20250416_175155
0.07,9216.0,1,20250416_175155
0.07,9216.0,1,20250416_175155
0.07,9216.0,1,20250416_175155
0.07,9216.0,1,20250416_175155
0.06,9216.0,1,20250417_190842
0.07,9216.0,1,20250417_190842
0.07,9216.0,1,20250417_190842
0.07,9216.0,1,20250417_190842
0.07,9216.0,1,20250417_190843
0.07,9216.0,1,20250417_190843
0.07,9216.0,1,20250417_190843
0.07,9216.0,1,20250417_190843
0.06,9216.0,1,20250417_190843
0.07,9216.0,1,20250417_190843
