0.06,9216.0,1,20250416_175318
0.06,9216.0,1,20250416_175318
0.07,9216.0,1,20250416_175318
0.07,9216.0,1,20250416_175318
0.07,9216.0,1,20250416_175319
0.07,9216.0,1,20250416_175319
0.07,9216.0,1,20250416_175319
0.07,9216.0,1,20250416_175319
0.07,9216.0,1,20250416_175319
0.07,9216.0,1,20250416_175319
0.07,9216.0,1,20250417_190753
0.07,9216.0,1,20250417_190753
0.07,9216.0,1,20250417_190754
0.07,9216.0,1,20250417_190754
0.06,9216.0,1,20250417_190754
0.07,9216.0,1,20250417_190754
0.07,9216.0,1,20250417_190754
0.06,9216.0,1,20250417_190754
0.07,9216.0,1,20250417_190754
0.07,9216.0,1,20250417_190754
