0.07,9216.0,1,20250416_175601
0.06,9216.0,1,20250416_175601
0.07,9216.0,1,20250416_175601
0.06,9216.0,1,20250416_175601
0.07,9216.0,1,20250416_175601
0.07,9216.0,1,20250416_175602
0.07,9216.0,1,20250416_175602
0.07,9216.0,1,20250416_175602
0.07,9216.0,1,20250416_175602
0.07,9216.0,1,20250416_175602
0.07,9216.0,1,20250417_190754
0.07,9216.0,1,20250417_190755
0.06,9216.0,1,20250417_190755
0.07,9216.0,1,20250417_190755
0.07,9216.0,1,20250417_190755
0.07,9216.0,1,20250417_190755
0.07,9216.0,1,20250417_190755
0.07,9216.0,1,20250417_190755
0.07,9216.0,1,20250417_190755
0.06,9216.0,1,20250417_190756
