0.07,9216.0,1,20250416_175205
0.06,9216.0,1,20250416_175205
0.07,9216.0,1,20250416_175205
0.06,9216.0,1,20250416_175206
0.07,9216.0,1,20250416_175206
0.07,9216.0,1,20250416_175206
0.06,9216.0,1,20250416_175206
0.07,9216.0,1,20250416_175206
0.07,9216.0,1,20250416_175206
0.07,9216.0,1,20250416_175206
0.08,9216.0,1,20250417_190752
0.07,9216.0,1,20250417_190752
0.06,9216.0,1,20250417_190752
0.06,9216.0,1,20250417_190753
0.06,9216.0,1,20250417_190753
0.07,9216.0,1,20250417_190753
0.07,9216.0,1,20250417_190753
0.07,9216.0,1,20250417_190753
0.06,9216.0,1,20250417_190753
0.07,9216.0,1,20250417_190753
