0.78,9216.0,5,20250416_175430
0.8,9216.0,5,20250416_175431
0.79,9216.0,5,20250416_175432
0.8,9216.0,5,20250416_175433
0.79,9216.0,5,20250416_175434
0.79,9216.0,5,20250416_175435
0.8,9216.0,5,20250416_175435
0.79,9216.0,5,20250416_175436
0.8,9216.0,5,20250416_175437
0.8,9216.0,5,20250416_175438
0.8,9216.0,5,20250417_190756
0.79,9216.0,5,20250417_190757
0.8,9216.0,5,20250417_190758
0.78,9216.0,5,20250417_190759
0.8,9216.0,5,20250417_190800
0.8,9216.0,5,20250417_190800
0.8,9216.0,5,20250417_190801
0.8,9216.0,5,20250417_190802
0.79,9216.0,5,20250417_190803
0.77,9216.0,5,20250417_190804
