15.79,9216.0,4,20250416_225138
15.24,9216.0,4,20250416_225153
15.7,9216.0,4,20250416_225209
15.44,9216.0,4,20250416_225225
15.18,9216.0,4,20250416_225240
15.54,9216.0,4,20250416_225256
15.44,9216.0,4,20250416_225312
15.39,9216.0,4,20250416_225327
15.56,9216.0,4,20250416_225343
19.14,9216.0,4,20250416_225402
12.66,9252.0,4,20250704_062218
12.63,9284.0,4,20250704_062231
13.56,9280.0,4,20250704_062245
13.23,9328.0,4,20250704_062258
12.95,9252.0,4,20250704_062311
12.91,9268.0,4,20250704_062324
12.86,9280.0,4,20250704_062337
12.86,9252.0,4,20250704_062350
13.14,9252.0,4,20250704_062403
13.07,9252.0,4,20250704_062417
12.98,9296.0,4,20250704_062430
13.06,9252.0,4,20250704_062443
