12.0,9216.0,3,20250416_180239
11.87,10240.0,3,20250416_180251
11.95,9216.0,3,20250416_180304
12.01,10240.0,3,20250416_180316
12.09,10240.0,3,20250416_180328
11.99,10240.0,3,20250416_180340
12.08,10240.0,3,20250416_180352
11.82,9216.0,3,20250416_180404
12.01,10240.0,3,20250416_180417
11.8,10240.0,3,20250416_180429
12.61,9216.0,3,20250416_225729
12.37,10240.0,3,20250416_225741
12.67,9216.0,3,20250416_225754
12.6,10240.0,3,20250416_225807
12.56,10240.0,3,20250416_225820
12.48,9216.0,3,20250416_225832
12.57,9216.0,3,20250416_225845
12.43,10240.0,3,20250416_225858
12.56,9216.0,3,20250416_225910
12.59,9216.0,3,20250416_225923
