15.42,19536.0,4,20260129_184503
13.98,18580.0,4,20260201_061422
14.1,17556.0,4,20260201_061436
14.12,19560.0,4,20260201_061450
13.73,20640.0,4,20260201_061504
13.85,18580.0,4,20260201_061518
13.67,18552.0,4,20260201_061532
13.74,19620.0,4,20260201_061546
13.59,20628.0,4,20260201_061600
14.31,19584.0,4,20260201_061614
15.74,18552.0,4,20260201_061631
15.04,19604.0,4,20260201_061646
15.74,17532.0,4,20260201_061703
15.53,18560.0,4,20260201_061719
15.21,18528.0,4,20260201_061734
13.89,18560.0,4,20260201_061748
13.61,19588.0,4,20260201_061802
13.4,19584.0,4,20260201_061816
13.75,19572.0,4,20260201_061829
13.88,19572.0,4,20260201_061843
