14.74,17512.0,4,20260129_184503
13.62,16508.0,4,20260201_061422
14.07,16456.0,4,20260201_061436
14.08,16448.0,4,20260201_061450
13.74,16512.0,4,20260201_061504
13.59,16496.0,4,20260201_061518
13.79,16512.0,4,20260201_061532
14.17,16492.0,4,20260201_061546
13.34,17540.0,4,20260201_061600
14.17,17568.0,4,20260201_061614
14.96,15488.0,4,20260201_061629
14.88,14492.0,4,20260201_061645
15.58,15480.0,4,20260201_061701
15.1,15480.0,4,20260201_061716
15.3,14488.0,4,20260201_061732
13.42,17488.0,4,20260201_061745
13.35,16544.0,4,20260201_061759
13.33,17540.0,4,20260201_061812
14.07,16512.0,4,20260201_061827
13.91,15480.0,4,20260201_061841
