12.92,15360.0,3,20250417_022629
12.27,15360.0,3,20250417_022641
12.39,16384.0,3,20250417_022654
12.05,15360.0,3,20250417_022706
12.04,16384.0,3,20250417_022718
12.13,15360.0,3,20250417_022730
12.36,15360.0,3,20250417_022743
12.06,15360.0,3,20250417_022755
12.58,16384.0,3,20250417_022808
12.64,15360.0,3,20250417_022821
11.08,16420.0,3,20250703_112337
15.2,15424.0,3,20250703_112352
11.11,16420.0,3,20250703_112403
11.22,15396.0,3,20250703_112415
10.77,15420.0,3,20250703_112426
10.93,15436.0,3,20250703_112437
10.99,16420.0,3,20250703_112448
11.12,16448.0,3,20250703_112459
10.94,15396.0,3,20250703_112510
10.98,16420.0,3,20250703_112521
10.75,16496.0,3,20250711_084216
10.68,16464.0,3,20250711_084227
10.75,16420.0,3,20250711_084238
10.87,16420.0,3,20250711_084249
10.6,15396.0,3,20250711_084300
10.83,16444.0,3,20250711_084311
10.82,16460.0,3,20250711_084322
10.79,16420.0,3,20250711_084332
10.67,16412.0,3,20250711_084343
10.92,16420.0,3,20250711_084354
10.87,16448.0,3,20250711_084405
10.74,16416.0,3,20250711_084416
