12.25,8308.0,3,20260129_183738
11.13,8268.0,3,20260201_061419
10.99,8320.0,3,20260201_061430
10.96,7272.0,3,20260201_061441
10.89,8260.0,3,20260201_061452
10.95,8312.0,3,20260201_061503
10.87,8268.0,3,20260201_061514
11.04,7288.0,3,20260201_061525
10.93,8296.0,3,20260201_061536
10.79,8352.0,3,20260201_061547
10.58,8320.0,3,20260201_061558
10.92,8316.0,3,20260201_061609
12.33,8264.0,3,20260201_061622
12.69,7248.0,3,20260201_061635
12.24,7288.0,3,20260201_061648
12.08,7292.0,3,20260201_061700
12.2,8364.0,3,20260201_061712
12.8,7296.0,3,20260201_061726
11.2,7280.0,3,20260201_061737
10.77,7292.0,3,20260201_061748
