11.71,9216.0,3,20250417_022954
15.17,8192.0,3,20250417_023009
12.09,8192.0,3,20250417_023021
11.83,7168.0,3,20250417_023033
11.85,8192.0,3,20250417_023045
11.71,9216.0,3,20250417_023057
12.39,9216.0,3,20250417_023110
12.42,9216.0,3,20250417_023122
12.46,8192.0,3,20250417_023135
12.46,9216.0,3,20250417_023147
10.46,8280.0,3,20250703_175233
10.53,9252.0,3,20250703_175244
10.51,9252.0,3,20250703_175254
10.36,9252.0,3,20250703_175305
10.41,9252.0,3,20250703_175315
10.54,9332.0,3,20250703_175326
10.53,9248.0,3,20250703_175337
10.55,9252.0,3,20250703_175347
10.62,8304.0,3,20250703_175358
10.46,9252.0,3,20250703_175409
10.49,9252.0,3,20250703_175419
10.44,9252.0,3,20250703_175430
