12.42,20480.0,3,20250416_175608
12.06,21504.0,3,20250416_175620
12.31,21504.0,3,20250416_175632
12.08,21504.0,3,20250416_175645
12.24,21504.0,3,20250416_175657
12.07,21504.0,3,20250416_175709
12.34,21504.0,3,20250416_175722
12.08,21504.0,3,20250416_175734
12.25,21504.0,3,20250416_175746
12.21,20480.0,3,20250416_175759
12.45,21504.0,3,20250416_225021
12.53,21504.0,3,20250416_225033
12.57,21504.0,3,20250416_225046
17.31,21504.0,3,20250416_225104
12.83,21504.0,3,20250416_225117
13.05,21504.0,3,20250416_225130
12.5,21504.0,3,20250416_225143
12.63,21504.0,3,20250416_225155
12.54,21504.0,3,20250416_225208
12.81,20480.0,3,20250416_225221
