448.87,14336.0,148,20250417_063111
407.73,14336.0,148,20250417_063804
407.94,14336.0,148,20250417_064457
400.19,14336.0,148,20250417_065142
404.48,14336.0,148,20250417_065832
406.45,14336.0,148,20250417_070523
403.93,14336.0,148,20250417_071212
401.98,14336.0,148,20250417_071900
390.9,14336.0,148,20250417_072536
395.76,14336.0,148,20250417_073216
332.59,14372.0,148,20250703_095219
331.48,14372.0,148,20250703_095754
331.84,14372.0,148,20250703_101507
323.28,14380.0,148,20250703_102034
335.65,14372.0,148,20250703_102629
328.51,14372.0,148,20250703_103220
329.81,14400.0,148,20250703_103753
334.37,14372.0,148,20250703_104342
330.88,14416.0,148,20250703_104923
331.65,14388.0,148,20250703_105504
329.38,14372.0,148,20250703_110052
