14.81,16508.0,4,20260129_184503
13.57,15508.0,4,20260201_061421
13.58,15496.0,4,20260201_061435
13.83,14448.0,4,20260201_061449
13.67,16464.0,4,20260201_061503
13.96,14472.0,4,20260201_061517
13.89,14452.0,4,20260201_061531
13.88,14492.0,4,20260201_061545
13.41,14424.0,4,20260201_061559
13.97,15500.0,4,20260201_061613
15.77,14500.0,4,20260201_061630
15.2,13428.0,4,20260201_061646
15.08,13464.0,4,20260201_061701
16.05,15464.0,4,20260201_061718
14.98,15508.0,4,20260201_061733
13.89,15472.0,4,20260201_061747
13.59,14456.0,4,20260201_061801
13.58,15484.0,4,20260201_061815
13.54,16508.0,4,20260201_061828
13.63,15464.0,4,20260201_061842
