11.99,8192.0,3,20250417_022746
12.38,9216.0,3,20250417_022759
12.15,9216.0,3,20250417_022811
12.42,8192.0,3,20250417_022824
12.17,8192.0,3,20250417_022836
12.17,9216.0,3,20250417_022848
16.3,9216.0,3,20250417_022905
12.18,9216.0,3,20250417_022917
12.28,8192.0,3,20250417_022930
12.07,8192.0,3,20250417_022942
10.45,9252.0,3,20250703_175233
10.53,9248.0,3,20250703_175244
10.39,9256.0,3,20250703_175254
10.44,8224.0,3,20250703_175305
10.39,8228.0,3,20250703_175315
10.91,8244.0,3,20250703_175326
10.64,9252.0,3,20250703_175337
11.29,9284.0,3,20250703_175349
10.55,9252.0,3,20250703_175359
12.15,8228.0,3,20250703_175412
10.77,9280.0,3,20250703_175422
10.75,9252.0,3,20250703_175433
