3.27,194560.0,1,20250417_030528
2.69,194560.0,1,20250417_030531
2.83,194560.0,1,20250417_030534
2.72,194560.0,1,20250417_030537
3.19,194560.0,1,20250417_030541
2.63,194560.0,1,20250417_030544
3.26,194560.0,1,20250417_030547
2.67,194560.0,1,20250417_030550
3.16,194560.0,1,20250417_030553
3.22,194560.0,1,20250417_030557
2.63,194560.0,1,20250417_234808
2.59,194560.0,1,20250417_234811
2.64,194560.0,1,20250417_234814
2.66,194560.0,1,20250417_234817
2.57,194560.0,1,20250417_234819
2.6,194560.0,1,20250417_234822
2.5,194560.0,1,20250417_234825
2.61,194560.0,1,20250417_234828
2.68,194560.0,1,20250417_234831
2.52,194560.0,1,20250417_234833
