11.93,8316.0,3,20260129_183738
10.83,8300.0,3,20260201_061419
10.79,7316.0,3,20260201_061429
11.31,7284.0,3,20260201_061441
10.9,8284.0,3,20260201_061452
12.17,8356.0,3,20260201_061504
10.89,8320.0,3,20260201_061515
10.89,7312.0,3,20260201_061526
10.91,8324.0,3,20260201_061537
11.16,7308.0,3,20260201_061549
10.77,8324.0,3,20260201_061600
11.28,8324.0,3,20260201_061611
12.16,7288.0,3,20260201_061624
12.03,7276.0,3,20260201_061636
12.33,7308.0,3,20260201_061649
12.41,7292.0,3,20260201_061702
12.57,7288.0,3,20260201_061715
12.64,7292.0,3,20260201_061728
10.93,7280.0,3,20260201_061739
10.81,8348.0,3,20260201_061750
