11.3,8336.0,3,20260129_183737
11.0,8308.0,3,20260201_061419
10.72,8304.0,3,20260201_061430
11.21,7236.0,3,20260201_061441
10.7,7272.0,3,20260201_061452
11.13,7332.0,3,20260201_061503
11.17,7256.0,3,20260201_061515
10.85,7288.0,3,20260201_061526
11.02,8320.0,3,20260201_061537
10.87,7264.0,3,20260201_061548
10.69,7316.0,3,20260201_061559
10.72,8316.0,3,20260201_061609
12.43,7264.0,3,20260201_061622
13.08,7304.0,3,20260201_061636
12.51,7256.0,3,20260201_061648
12.41,7292.0,3,20260201_061701
12.14,7276.0,3,20260201_061714
12.6,7332.0,3,20260201_061727
11.13,7292.0,3,20260201_061738
10.79,8312.0,3,20260201_061749
