12.2,21504.0,3,20250416_175632
12.31,21504.0,3,20250416_175645
12.15,20480.0,3,20250416_175657
12.25,21504.0,3,20250416_175709
12.17,21504.0,3,20250416_175722
12.2,21504.0,3,20250416_175734
12.36,20480.0,3,20250416_175747
12.3,21504.0,3,20250416_175759
12.46,20480.0,3,20250416_175812
12.23,21504.0,3,20250416_175824
13.24,20480.0,3,20250416_225038
13.33,20480.0,3,20250416_225052
12.59,21504.0,3,20250416_225104
12.65,21504.0,3,20250416_225117
12.91,20480.0,3,20250416_225130
12.55,21504.0,3,20250416_225143
12.65,21504.0,3,20250416_225156
18.33,21504.0,3,20250416_225214
18.61,21504.0,3,20250416_225233
12.94,21504.0,3,20250416_225246
