17.16,9216.0,4,20250417_021914
14.75,9216.0,4,20250417_021929
14.87,8192.0,4,20250417_021944
14.82,7168.0,4,20250417_021959
14.95,9216.0,4,20250417_022014
14.7,9216.0,4,20250417_022029
14.73,8192.0,4,20250417_022044
20.0,9216.0,4,20250417_022104
14.98,8192.0,4,20250417_022119
15.55,9216.0,4,20250417_022135
12.58,9252.0,4,20250704_062218
12.77,9252.0,4,20250704_062231
12.91,8272.0,4,20250704_062244
12.95,9336.0,4,20250704_062258
12.91,9276.0,4,20250704_062311
12.87,9300.0,4,20250704_062324
12.94,9244.0,4,20250704_062338
13.49,9252.0,4,20250704_062352
12.99,9288.0,4,20250704_062405
13.07,9252.0,4,20250704_062419
12.75,9252.0,4,20250704_062432
13.0,9272.0,4,20250704_062445
