12.29,20480.0,3,20250417_021955
12.19,19456.0,3,20250417_022008
12.85,19456.0,3,20250417_022021
14.44,20480.0,3,20250417_022035
13.01,20480.0,3,20250417_022049
17.79,20480.0,3,20250417_022107
12.74,19456.0,3,20250417_022119
12.78,20480.0,3,20250417_022132
12.54,19456.0,3,20250417_022145
12.17,19456.0,3,20250417_022157
11.39,20568.0,3,20250703_105522
11.61,20516.0,3,20250703_105534
12.12,20516.0,3,20250703_105546
11.4,20600.0,3,20250703_105558
11.99,20552.0,3,20250703_105610
11.86,20516.0,3,20250703_105622
11.11,19492.0,3,20250703_105633
12.7,20564.0,3,20250703_105646
12.39,20516.0,3,20250703_105658
11.98,19492.0,3,20250703_105710
11.45,19492.0,3,20250703_110043
10.93,20516.0,3,20250703_110054
11.16,20516.0,3,20250703_110105
11.35,19500.0,3,20250703_110117
10.81,20544.0,3,20250703_110128
10.78,20516.0,3,20250703_110139
11.03,20556.0,3,20250703_110150
10.77,20552.0,3,20250703_110201
10.81,20516.0,3,20250703_110212
12.07,20516.0,3,20250703_110224
