12.11,15360.0,3,20250416_175836
12.16,15360.0,3,20250416_175849
11.91,14336.0,3,20250416_175901
11.89,15360.0,3,20250416_175913
12.11,15360.0,3,20250416_175925
12.18,14336.0,3,20250416_175937
12.1,15360.0,3,20250416_175949
12.22,14336.0,3,20250416_180002
11.91,15360.0,3,20250416_180014
12.14,15360.0,3,20250416_180026
12.58,15360.0,3,20250416_225259
12.62,15360.0,3,20250416_225312
12.81,14336.0,3,20250416_225325
17.65,14336.0,3,20250416_225343
12.5,15360.0,3,20250416_225355
12.7,15360.0,3,20250416_225408
12.86,14336.0,3,20250416_225421
17.91,14336.0,3,20250416_225439
12.77,14336.0,3,20250416_225452
12.65,15360.0,3,20250416_225505
