14.11,9344.0,4,20260129_172705
13.16,9368.0,4,20260201_072824
13.17,8284.0,4,20260201_072838
13.22,8288.0,4,20260201_072851
13.52,9344.0,4,20260201_072905
13.18,10388.0,4,20260201_072918
13.14,9344.0,4,20260201_072931
13.19,9344.0,4,20260201_072945
13.18,9360.0,4,20260201_072958
12.99,10392.0,4,20260201_073011
13.2,10372.0,4,20260201_073024
13.13,9376.0,4,20260201_073038
13.33,10388.0,4,20260201_073051
13.26,9328.0,4,20260201_073105
13.13,9340.0,4,20260201_073118
13.4,10404.0,4,20260201_073131
13.14,9336.0,4,20260201_073145
13.2,9348.0,4,20260201_073158
13.18,9300.0,4,20260201_073211
13.11,9380.0,4,20260201_073224
