11.98,8372.0,3,20260129_183738
10.68,8300.0,3,20260201_061418
10.88,8280.0,3,20260201_061429
11.08,7264.0,3,20260201_061441
10.89,7256.0,3,20260201_061452
10.79,8316.0,3,20260201_061503
11.08,8316.0,3,20260201_061514
11.02,7344.0,3,20260201_061525
10.68,7328.0,3,20260201_061536
11.25,7292.0,3,20260201_061547
10.8,9340.0,3,20260201_061558
10.77,8304.0,3,20260201_061609
11.97,7292.0,3,20260201_061621
12.08,7292.0,3,20260201_061634
12.21,8272.0,3,20260201_061646
12.28,8272.0,3,20260201_061659
13.21,7256.0,3,20260201_061712
12.63,7324.0,3,20260201_061726
11.27,7240.0,3,20260201_061737
11.18,7284.0,3,20260201_061748
