12.13,20480.0,3,20250417_021927
12.09,20480.0,3,20250417_021939
12.38,20480.0,3,20250417_021952
12.53,20480.0,3,20250417_022004
12.77,19456.0,3,20250417_022017
17.16,19456.0,3,20250417_022035
12.55,20480.0,3,20250417_022047
12.68,19456.0,3,20250417_022100
12.53,19456.0,3,20250417_022113
12.81,20480.0,3,20250417_022126
10.9,20516.0,3,20250703_111607
11.74,20508.0,3,20250703_111619
11.1,19492.0,3,20250703_111630
11.43,20516.0,3,20250703_111642
11.84,20516.0,3,20250703_111653
11.82,20544.0,3,20250703_111705
11.45,19492.0,3,20250703_111717
11.04,20516.0,3,20250703_111728
12.51,20516.0,3,20250703_111741
15.56,20516.0,3,20250703_111756
11.01,20508.0,3,20250703_112148
10.72,20540.0,3,20250703_112159
10.91,20516.0,3,20250703_112210
11.88,20516.0,3,20250703_112222
11.77,20512.0,3,20250703_112234
11.35,20516.0,3,20250703_112910
11.32,20512.0,3,20250703_112922
11.2,19492.0,3,20250703_112933
11.32,20564.0,3,20250703_112945
11.17,20516.0,3,20250703_112956
