14.63,15480.0,4,20260129_184503
13.22,15524.0,4,20260201_072824
13.78,13480.0,4,20260201_072838
13.39,15472.0,4,20260201_072852
13.34,15488.0,4,20260201_072905
13.15,15492.0,4,20260201_072919
13.11,15488.0,4,20260201_072932
13.23,15432.0,4,20260201_072945
13.35,14500.0,4,20260201_072959
13.25,15448.0,4,20260201_073012
13.11,14408.0,4,20260201_073025
13.28,15528.0,4,20260201_073039
13.43,13464.0,4,20260201_073052
13.55,14424.0,4,20260201_073106
13.48,15496.0,4,20260201_073119
13.42,15432.0,4,20260201_073133
13.51,15516.0,4,20260201_073147
13.31,15444.0,4,20260201_073200
13.52,15472.0,4,20260201_073214
13.45,15508.0,4,20260201_073227
