15.5,8192.0,4,20250417_022713
15.54,9216.0,4,20250417_022728
16.28,8192.0,4,20250417_022745
15.7,8192.0,4,20250417_022801
15.75,9216.0,4,20250417_022817
18.75,8192.0,4,20250417_022836
15.51,9216.0,4,20250417_022851
15.37,9216.0,4,20250417_022907
15.72,9216.0,4,20250417_022923
20.96,9216.0,4,20250417_022944
13.77,9252.0,4,20250704_062758
12.94,9280.0,4,20250704_062811
12.93,9252.0,4,20250704_062824
13.14,9328.0,4,20250704_062838
12.82,8228.0,4,20250704_062851
12.85,8252.0,4,20250704_062904
13.02,9252.0,4,20250704_062917
12.85,9340.0,4,20250704_062930
12.87,9252.0,4,20250704_062943
13.03,9252.0,4,20250704_062956
12.83,9284.0,4,20250704_063009
12.98,9252.0,4,20250704_063022
