17.06,13312.0,3,20250417_022838
17.74,13312.0,3,20250417_022856
17.48,12288.0,3,20250417_022913
12.36,13312.0,3,20250417_022926
12.36,13312.0,3,20250417_022938
13.09,13312.0,3,20250417_022952
12.52,13312.0,3,20250417_023004
16.9,13312.0,3,20250417_023021
12.53,13312.0,3,20250417_023034
17.31,13312.0,3,20250417_023052
10.59,13348.0,3,20250703_111607
10.78,13380.0,3,20250703_111618
10.72,13348.0,3,20250703_111629
10.7,13376.0,3,20250703_111640
10.85,13348.0,3,20250703_111651
10.7,13348.0,3,20250703_111702
10.8,13428.0,3,20250703_111713
10.46,13392.0,3,20250703_111723
10.62,13348.0,3,20250703_111734
10.78,13352.0,3,20250703_111745
