12.89,17408.0,3,20250417_022419
12.86,17408.0,3,20250417_022432
12.81,17408.0,3,20250417_022445
12.53,17408.0,3,20250417_022458
12.79,17408.0,3,20250417_022511
12.78,17408.0,3,20250417_022524
12.56,17408.0,3,20250417_022537
12.91,16384.0,3,20250417_022550
12.75,17408.0,3,20250417_022603
12.79,17408.0,3,20250417_022616
11.1,17444.0,3,20250703_112337
11.36,17444.0,3,20250703_112348
11.39,17504.0,3,20250703_112400
11.44,17444.0,3,20250703_112411
11.04,17484.0,3,20250703_112423
11.5,17444.0,3,20250703_112434
11.23,17444.0,3,20250703_112446
11.02,17520.0,3,20250703_112457
10.85,17488.0,3,20250703_112508
11.71,17444.0,3,20250703_112520
