15.12,12368.0,4,20260129_184503
13.17,12448.0,4,20260201_072824
13.15,12396.0,4,20260201_072838
13.19,12452.0,4,20260201_072851
13.06,12448.0,4,20260201_072904
13.11,12360.0,4,20260201_072917
13.1,12452.0,4,20260201_072930
13.1,12436.0,4,20260201_072944
13.08,12360.0,4,20260201_072957
13.33,12412.0,4,20260201_073010
13.14,12404.0,4,20260201_073024
13.27,12392.0,4,20260201_073037
13.15,12400.0,4,20260201_073050
13.23,12396.0,4,20260201_073104
13.33,12384.0,4,20260201_073117
13.44,11332.0,4,20260201_073131
13.27,11388.0,4,20260201_073144
13.39,12400.0,4,20260201_073158
13.42,11428.0,4,20260201_073211
13.45,12412.0,4,20260201_073225
