12.02,11264.0,3,20250416_180012
12.03,10240.0,3,20250416_180025
11.84,11264.0,3,20250416_180037
12.09,10240.0,3,20250416_180049
11.92,11264.0,3,20250416_180101
11.86,11264.0,3,20250416_180113
11.76,11264.0,3,20250416_180125
11.83,11264.0,3,20250416_180137
11.77,10240.0,3,20250416_180149
11.91,11264.0,3,20250416_180201
12.51,11264.0,3,20250416_225452
12.77,11264.0,3,20250416_225505
12.62,11264.0,3,20250416_225518
12.42,10240.0,3,20250416_225530
16.88,10240.0,3,20250416_225547
12.23,11264.0,3,20250416_225600
12.23,11264.0,3,20250416_225612
12.45,10240.0,3,20250416_225625
17.99,11264.0,3,20250416_225643
17.37,10240.0,3,20250416_225700
