15.13,8192.0,4,20250417_023305
18.54,8192.0,4,20250417_023324
15.18,9216.0,4,20250417_023339
15.24,8192.0,4,20250417_023355
15.22,8192.0,4,20250417_023410
15.47,8192.0,4,20250417_023426
15.63,8192.0,4,20250417_023441
15.39,8192.0,4,20250417_023457
20.41,9216.0,4,20250417_023518
15.09,8192.0,4,20250417_023533
12.89,8228.0,4,20250704_064924
12.89,9252.0,4,20250704_064937
12.74,9280.0,4,20250704_064950
12.89,9264.0,4,20250704_065003
12.91,9252.0,4,20250704_065016
12.8,9244.0,4,20250704_065029
12.86,9252.0,4,20250704_065043
12.7,9252.0,4,20250704_065056
12.79,9252.0,4,20250704_065109
13.07,9252.0,4,20250704_065123
13.02,9328.0,4,20250704_065136
13.03,9248.0,4,20250704_065150
