232.09,19456.0,91,20250417_030952
245.46,19456.0,91,20250417_031401
248.39,19456.0,91,20250417_031813
256.32,19456.0,91,20250417_032233
256.28,19456.0,91,20250417_032652
240.29,19456.0,91,20250417_033056
244.42,19456.0,91,20250417_033503
238.76,19456.0,91,20250417_033905
246.11,19456.0,91,20250417_034314
249.21,19456.0,91,20250417_034727
203.52,19496.0,91,20250703_095009
203.25,19492.0,91,20250703_095334
203.65,19556.0,91,20250703_095701
203.2,19500.0,91,20250703_101259
204.82,19536.0,91,20250703_101627
203.91,19492.0,91,20250703_101959
202.41,19512.0,91,20250703_102330
205.53,19568.0,91,20250703_102658
200.48,19524.0,91,20250703_103024
205.43,19576.0,91,20250703_103352
203.58,19540.0,91,20250703_103718
