11.33,8316.0,3,20260129_183737
10.97,8328.0,3,20260201_061419
11.12,7288.0,3,20260201_061430
10.98,7312.0,3,20260201_061441
11.04,8316.0,3,20260201_061452
11.03,7240.0,3,20260201_061503
11.24,8316.0,3,20260201_061515
10.96,7308.0,3,20260201_061526
10.78,8308.0,3,20260201_061537
10.97,7256.0,3,20260201_061548
11.02,8316.0,3,20260201_061559
10.88,7248.0,3,20260201_061610
12.37,7288.0,3,20260201_061623
12.16,6252.0,3,20260201_061636
12.04,7344.0,3,20260201_061648
12.27,7320.0,3,20260201_061701
12.7,7248.0,3,20260201_061714
12.91,7292.0,3,20260201_061728
10.94,6264.0,3,20260201_061739
10.95,8260.0,3,20260201_061750
