15.14,37888.0,4,20250417_001036
17.7,37888.0,4,20250417_001053
15.04,37888.0,4,20250417_001109
15.15,37888.0,4,20250417_001124
15.09,37888.0,4,20250417_001139
14.6,37888.0,4,20250417_001154
14.73,37888.0,4,20250417_001209
16.17,37888.0,4,20250417_001226
14.91,37888.0,4,20250417_001241
14.92,37888.0,4,20250417_001256
12.85,37956.0,4,20250703_175236
15.96,37932.0,4,20250703_175252
16.05,37952.0,4,20250703_175308
16.08,37916.0,4,20250703_175324
13.09,37956.0,4,20250703_175338
12.99,37924.0,4,20250703_175351
13.07,37924.0,4,20250703_175404
13.04,37924.0,4,20250703_175417
13.26,37976.0,4,20250703_175431
12.66,36920.0,4,20250703_175443
13.05,37916.0,4,20250703_175457
13.08,37924.0,4,20250703_175510
