12.3,18432.0,3,20250417_022210
13.94,18432.0,3,20250417_022224
12.42,18432.0,3,20250417_022237
12.5,18432.0,3,20250417_022249
12.6,18432.0,3,20250417_022302
12.48,18432.0,3,20250417_022315
12.46,18432.0,3,20250417_022327
12.93,18432.0,3,20250417_022340
12.6,18432.0,3,20250417_022353
12.96,18432.0,3,20250417_022406
11.27,18468.0,3,20250703_105615
11.86,18468.0,3,20250703_105627
10.85,18464.0,3,20250703_105638
11.17,18468.0,3,20250703_105649
11.56,18468.0,3,20250703_105701
11.1,18476.0,3,20250703_105712
11.71,18464.0,3,20250703_105724
11.45,18548.0,3,20250703_105736
11.6,18500.0,3,20250703_105747
11.95,18516.0,3,20250703_105759
10.88,18484.0,3,20250703_110042
11.09,18512.0,3,20250703_110054
10.78,18496.0,3,20250703_110105
10.88,18468.0,3,20250703_110116
11.91,18468.0,3,20250703_110128
10.83,18488.0,3,20250703_110139
11.74,18468.0,3,20250703_110150
10.87,18492.0,3,20250703_110201
11.85,18492.0,3,20250703_110213
10.71,18496.0,3,20250703_110224
