14.87,19596.0,4,20260129_184503
13.8,19564.0,4,20260201_061422
13.91,18592.0,4,20260201_061436
13.83,18584.0,4,20260201_061450
13.76,19576.0,4,20260201_061504
13.63,18548.0,4,20260201_061517
14.21,17556.0,4,20260201_061532
13.83,17568.0,4,20260201_061546
13.68,18556.0,4,20260201_061559
14.83,17532.0,4,20260201_061615
15.71,17488.0,4,20260201_061631
15.61,17564.0,4,20260201_061647
14.96,18548.0,4,20260201_061702
15.38,17504.0,4,20260201_061718
15.33,18596.0,4,20260201_061734
13.6,18548.0,4,20260201_061747
13.76,17476.0,4,20260201_061801
13.33,18600.0,4,20260201_061815
13.96,18564.0,4,20260201_061829
13.37,18552.0,4,20260201_061843
