12.13,8192.0,3,20250417_022126
12.13,8192.0,3,20250417_022139
13.21,9216.0,3,20250417_022152
12.08,9216.0,3,20250417_022204
11.87,9216.0,3,20250417_022216
12.18,8192.0,3,20250417_022228
16.31,8192.0,3,20250417_022245
11.75,9216.0,3,20250417_022257
12.16,8192.0,3,20250417_022309
12.57,9216.0,3,20250417_022322
11.05,9296.0,3,20250703_125301
10.99,8228.0,3,20250703_125312
10.33,9260.0,3,20250703_125323
10.43,9336.0,3,20250703_125334
10.79,8228.0,3,20250703_125344
10.87,9252.0,3,20250703_125355
10.97,9252.0,3,20250703_125407
11.18,8244.0,3,20250703_125418
10.64,8228.0,3,20250703_125429
11.24,8260.0,3,20250703_125440
11.05,8228.0,3,20250703_125451
10.97,8220.0,3,20250703_125502
10.58,9260.0,3,20250703_125513
11.44,9300.0,3,20250703_125524
11.02,8228.0,3,20250703_125536
