12.31,16384.0,3,20250417_022604
12.04,16384.0,3,20250417_022616
15.89,16384.0,3,20250417_022632
12.64,15360.0,3,20250417_022645
12.41,16384.0,3,20250417_022657
11.99,15360.0,3,20250417_022709
12.16,15360.0,3,20250417_022722
12.21,16384.0,3,20250417_022734
17.59,16384.0,3,20250417_022752
14.74,15360.0,3,20250417_022807
11.16,15408.0,3,20250703_112910
11.42,16420.0,3,20250703_112922
10.95,16420.0,3,20250703_112933
12.04,16448.0,3,20250703_112945
11.96,16420.0,3,20250703_112957
11.82,16420.0,3,20250703_113009
10.9,15396.0,3,20250703_113020
11.55,16492.0,3,20250703_113032
11.0,15484.0,3,20250703_113043
10.95,16416.0,3,20250703_113054
