17.3,12288.0,3,20250417_023109
17.23,11264.0,3,20250417_023126
11.99,12288.0,3,20250417_023139
12.53,11264.0,3,20250417_023151
12.99,11264.0,3,20250417_023204
12.41,11264.0,3,20250417_023217
15.78,12288.0,3,20250417_023233
12.57,12288.0,3,20250417_023246
12.1,12288.0,3,20250417_023258
12.32,11264.0,3,20250417_023310
11.35,12324.0,3,20250703_111607
10.88,12324.0,3,20250703_111619
11.54,12324.0,3,20250703_111630
11.06,12356.0,3,20250703_111641
10.86,12324.0,3,20250703_111652
11.07,12316.0,3,20250703_111704
10.98,12344.0,3,20250703_111715
11.38,12324.0,3,20250703_111726
11.3,12324.0,3,20250703_111738
10.82,12320.0,3,20250703_111749
