11.9,10240.0,3,20250416_180213
11.81,10240.0,3,20250416_180225
11.99,9216.0,3,20250416_180237
11.84,9216.0,3,20250416_180249
11.85,9216.0,3,20250416_180301
11.91,10240.0,3,20250416_180313
11.89,10240.0,3,20250416_180325
11.95,9216.0,3,20250416_180337
11.91,10240.0,3,20250416_180349
11.92,9216.0,3,20250416_180401
12.68,9216.0,3,20250416_225713
12.51,10240.0,3,20250416_225726
12.72,10240.0,3,20250416_225739
12.68,9216.0,3,20250416_225751
12.66,10240.0,3,20250416_225804
12.48,9216.0,3,20250416_225817
12.58,9216.0,3,20250416_225830
12.48,10240.0,3,20250416_225842
12.81,9216.0,3,20250416_225855
12.93,10240.0,3,20250416_225908
