11.82,10240.0,3,20250416_180038
11.95,11264.0,3,20250416_180050
12.11,11264.0,3,20250416_180102
12.01,11264.0,3,20250416_180115
11.86,11264.0,3,20250416_180127
12.1,11264.0,3,20250416_180139
11.91,11264.0,3,20250416_180151
11.87,11264.0,3,20250416_180203
12.05,11264.0,3,20250416_180215
12.08,10240.0,3,20250416_180227
12.74,10240.0,3,20250416_225518
12.91,10240.0,3,20250416_225531
13.04,10240.0,3,20250416_225544
12.42,11264.0,3,20250416_225557
12.37,11264.0,3,20250416_225609
12.8,10240.0,3,20250416_225622
12.74,11264.0,3,20250416_225635
12.71,10240.0,3,20250416_225648
14.7,11264.0,3,20250416_225703
12.76,11264.0,3,20250416_225716
