15.15,13312.0,3,20250417_022822
12.27,13312.0,3,20250417_022834
12.86,13312.0,3,20250417_022847
12.72,13312.0,3,20250417_022900
14.04,13312.0,3,20250417_022915
13.89,13312.0,3,20250417_022929
13.98,13312.0,3,20250417_022943
12.2,13312.0,3,20250417_022955
12.2,13312.0,3,20250417_023007
12.5,13312.0,3,20250417_023020
10.73,13348.0,3,20250703_113622
11.19,13356.0,3,20250703_113634
11.21,13340.0,3,20250703_113645
11.25,13348.0,3,20250703_113656
11.48,13348.0,3,20250703_113708
11.46,13348.0,3,20250703_113719
10.96,13396.0,3,20250703_113730
11.41,13348.0,3,20250703_113742
11.41,13348.0,3,20250703_113753
11.79,13348.0,3,20250703_113805
