12.75,17408.0,3,20250417_022349
17.43,17408.0,3,20250417_022406
12.77,17408.0,3,20250417_022419
13.16,16384.0,3,20250417_022433
13.23,17408.0,3,20250417_022446
13.24,17408.0,3,20250417_022459
12.97,16384.0,3,20250417_022513
12.95,17408.0,3,20250417_022526
12.59,17408.0,3,20250417_022538
12.56,17408.0,3,20250417_022551
11.05,17444.0,3,20250703_112910
10.65,17464.0,3,20250703_112921
10.88,17436.0,3,20250703_112932
10.92,17444.0,3,20250703_112943
11.73,17480.0,3,20250703_112955
13.94,16444.0,3,20250703_113009
10.8,17444.0,3,20250703_113020
10.67,17472.0,3,20250703_113031
10.85,17472.0,3,20250703_113042
10.93,17492.0,3,20250703_113053
11.97,17444.0,3,20250703_113624
11.29,17444.0,3,20250703_113635
12.06,17480.0,3,20250703_113647
10.76,17468.0,3,20250703_113658
11.73,17440.0,3,20250703_113710
10.81,17444.0,3,20250703_113721
11.08,17444.0,3,20250703_113732
11.28,16420.0,3,20250703_113743
11.41,17444.0,3,20250703_113755
11.06,17444.0,3,20250703_113806
