15.27,13440.0,4,20260129_184503
13.12,14460.0,4,20260201_072824
13.17,13476.0,4,20260201_072838
13.31,13432.0,4,20260201_072851
13.18,13464.0,4,20260201_072904
13.24,14416.0,4,20260201_072918
13.27,13444.0,4,20260201_072931
13.13,14416.0,4,20260201_072944
13.15,13384.0,4,20260201_072958
13.15,13428.0,4,20260201_073011
13.26,14500.0,4,20260201_073024
13.24,14464.0,4,20260201_073038
13.25,14452.0,4,20260201_073051
13.33,12356.0,4,20260201_073105
13.59,14460.0,4,20260201_073118
13.5,12376.0,4,20260201_073132
13.49,12448.0,4,20260201_073146
13.23,13472.0,4,20260201_073159
13.45,14460.0,4,20260201_073213
13.43,14456.0,4,20260201_073226
