337.15,15360.0,128,20250417_053209
352.13,16384.0,128,20250417_053806
342.96,16384.0,128,20250417_054354
357.65,16384.0,128,20250417_054956
358.65,16384.0,128,20250417_055559
353.76,16384.0,128,20250417_060157
447.36,16384.0,128,20250417_060929
336.13,16384.0,128,20250417_061509
329.51,16384.0,128,20250417_062043
332.38,16384.0,128,20250417_062620
296.23,16416.0,128,20250703_095142
295.33,16420.0,128,20250703_095641
290.83,16420.0,128,20250703_101426
289.12,15420.0,128,20250703_101919
290.87,16484.0,128,20250703_102413
292.86,16420.0,128,20250703_102910
291.17,16460.0,128,20250703_103405
291.25,16444.0,128,20250703_103900
289.17,16448.0,128,20250703_104353
289.54,16420.0,128,20250703_104852
286.11,16420.0,128,20250703_105348
