15.56,9216.0,4,20250416_225936
15.26,8192.0,4,20250416_225951
14.93,8192.0,4,20250416_230007
15.11,9216.0,4,20250416_230022
19.95,8192.0,4,20250416_230042
16.23,6144.0,4,20250416_230058
15.11,8192.0,4,20250416_230114
15.65,8192.0,4,20250416_230130
15.12,8192.0,4,20250416_230145
15.22,8192.0,4,20250416_230200
12.82,9252.0,4,20250704_064924
12.9,8308.0,4,20250704_064937
12.83,9252.0,4,20250704_064950
12.67,9276.0,4,20250704_065003
12.8,9292.0,4,20250704_065016
13.55,9284.0,4,20250704_065030
13.61,9280.0,4,20250704_065043
13.44,8228.0,4,20250704_065057
12.9,9252.0,4,20250704_065110
12.94,9296.0,4,20250704_065123
12.88,9252.0,4,20250704_065136
12.82,9252.0,4,20250704_065149
