12.26,8192.0,3,20250416_225125
12.69,9216.0,3,20250416_225138
12.31,8192.0,3,20250416_225151
12.35,9216.0,3,20250416_225203
12.51,9216.0,3,20250416_225216
12.21,8192.0,3,20250416_225228
12.13,9216.0,3,20250416_225241
17.06,9216.0,3,20250416_225258
16.78,9216.0,3,20250416_225315
12.44,8192.0,3,20250416_225327
11.3,8256.0,3,20250703_125301
11.6,9272.0,3,20250703_125313
14.02,9252.0,3,20250703_125327
10.53,9252.0,3,20250703_125338
10.83,9248.0,3,20250703_125349
10.55,9288.0,3,20250703_125400
10.91,9336.0,3,20250703_125411
10.78,9252.0,3,20250703_125422
10.73,8308.0,3,20250703_125432
11.17,8224.0,3,20250703_125444
10.96,9252.0,3,20250703_125455
10.48,9252.0,3,20250703_125505
10.54,8316.0,3,20250703_125516
10.63,9252.0,3,20250703_125527
10.63,8220.0,3,20250703_125538
