15.62,8192.0,4,20250416_225418
15.51,8192.0,4,20250416_225434
20.36,9216.0,4,20250416_225455
15.53,9216.0,4,20250416_225510
15.15,9216.0,4,20250416_225526
15.63,9216.0,4,20250416_225542
15.56,9216.0,4,20250416_225557
15.34,9216.0,4,20250416_225613
15.7,9216.0,4,20250416_225629
15.23,9216.0,4,20250416_225644
13.08,7204.0,4,20250704_064924
13.4,9252.0,4,20250704_064937
13.07,8228.0,4,20250704_064951
13.57,9252.0,4,20250704_065005
13.14,9284.0,4,20250704_065018
13.39,9340.0,4,20250704_065031
13.24,9288.0,4,20250704_065045
13.49,8228.0,4,20250704_065059
13.39,9252.0,4,20250704_065112
13.56,9276.0,4,20250704_065126
13.22,9248.0,4,20250704_065139
13.0,9252.0,4,20250704_065152
