12.22,12288.0,3,20250417_023032
12.34,11264.0,3,20250417_023045
12.16,12288.0,3,20250417_023057
12.36,12288.0,3,20250417_023110
12.17,11264.0,3,20250417_023122
12.36,12288.0,3,20250417_023134
14.37,11264.0,3,20250417_023149
17.54,12288.0,3,20250417_023207
15.12,12288.0,3,20250417_023222
14.32,12288.0,3,20250417_023237
11.3,12324.0,3,20250703_113623
10.7,11304.0,3,20250703_113634
11.44,11360.0,3,20250703_113645
10.92,12364.0,3,20250703_113656
11.3,12348.0,3,20250703_113708
10.87,12324.0,3,20250703_113719
10.92,12332.0,3,20250703_113730
11.28,12320.0,3,20250703_113741
11.26,12320.0,3,20250703_113752
10.87,12324.0,3,20250703_113803
