16.02,9216.0,3,20250416_225344
16.29,8192.0,3,20250416_225400
12.26,9216.0,3,20250416_225413
12.43,9216.0,3,20250416_225425
12.37,8192.0,3,20250416_225438
16.04,8192.0,3,20250416_225454
12.49,9216.0,3,20250416_225506
12.34,9216.0,3,20250416_225519
16.36,8192.0,3,20250416_225536
12.64,8192.0,3,20250416_225548
10.61,9252.0,3,20250703_125301
10.87,9308.0,3,20250703_125312
10.7,9252.0,3,20250703_125323
10.54,9268.0,3,20250703_125333
10.62,9288.0,3,20250703_125344
10.53,8276.0,3,20250703_125355
10.33,8220.0,3,20250703_125406
10.49,9252.0,3,20250703_125416
10.52,9296.0,3,20250703_125427
10.35,9248.0,3,20250703_125438
10.59,9288.0,3,20250703_125448
11.13,8308.0,3,20250703_125500
10.97,8316.0,3,20250703_125511
11.67,8276.0,3,20250703_125522
12.88,8260.0,3,20250703_125535
