15.12,8192.0,3,20250417_022541
12.52,9216.0,3,20250417_022554
12.55,8192.0,3,20250417_022606
11.95,9216.0,3,20250417_022618
11.67,9216.0,3,20250417_022630
12.61,8192.0,3,20250417_022643
13.06,8192.0,3,20250417_022656
12.57,9216.0,3,20250417_022709
12.31,8192.0,3,20250417_022721
12.52,9216.0,3,20250417_022734
11.69,8192.0,3,20250417_234411
11.55,9216.0,3,20250417_234422
11.58,9216.0,3,20250417_234434
11.65,9216.0,3,20250417_234446
11.64,9216.0,3,20250417_234458
11.56,9216.0,3,20250417_234509
11.58,9216.0,3,20250417_234521
11.76,9216.0,3,20250417_234533
11.64,9216.0,3,20250417_234545
11.64,9216.0,3,20250417_234556
