15.56,8192.0,4,20250417_022429
17.92,8192.0,4,20250417_022447
14.95,9216.0,4,20250417_022502
15.13,9216.0,4,20250417_022518
14.94,9216.0,4,20250417_022533
19.11,9216.0,4,20250417_022552
15.03,9216.0,4,20250417_022607
15.49,9216.0,4,20250417_022623
15.84,9216.0,4,20250417_022639
17.75,8192.0,4,20250417_022657
13.67,8268.0,4,20250704_062758
13.08,9252.0,4,20250704_062811
13.09,8236.0,4,20250704_062824
16.09,8300.0,4,20250704_062841
12.81,8264.0,4,20250704_062854
13.69,9252.0,4,20250704_062908
12.78,8228.0,4,20250704_062920
13.37,9280.0,4,20250704_062934
13.23,9336.0,4,20250704_062947
13.36,8228.0,4,20250704_063001
13.02,9284.0,4,20250704_063014
12.8,9340.0,4,20250704_063027
