11.96,15360.0,3,20250416_175811
11.83,15360.0,3,20250416_175823
12.04,15360.0,3,20250416_175835
11.87,15360.0,3,20250416_175847
11.87,14336.0,3,20250416_175859
12.03,15360.0,3,20250416_175911
12.14,15360.0,3,20250416_175924
12.09,15360.0,3,20250416_175936
11.9,15360.0,3,20250416_175948
12.12,14336.0,3,20250416_180000
12.31,15360.0,3,20250416_225234
17.78,14336.0,3,20250416_225252
12.79,15360.0,3,20250416_225305
12.6,14336.0,3,20250416_225317
17.84,14336.0,3,20250416_225335
12.49,15360.0,3,20250416_225348
12.77,15360.0,3,20250416_225401
12.55,14336.0,3,20250416_225414
12.66,15360.0,3,20250416_225426
12.71,15360.0,3,20250416_225439
