14.4,11412.0,4,20260129_172705
13.03,10324.0,4,20260201_072824
13.14,11388.0,4,20260201_072837
12.99,11380.0,4,20260201_072851
13.22,10372.0,4,20260201_072904
13.26,10364.0,4,20260201_072917
13.29,10368.0,4,20260201_072931
13.17,11392.0,4,20260201_072944
13.25,10352.0,4,20260201_072957
13.07,11392.0,4,20260201_073011
13.34,10376.0,4,20260201_073024
13.02,9364.0,4,20260201_073037
13.29,10392.0,4,20260201_073051
13.2,11396.0,4,20260201_073104
13.32,11420.0,4,20260201_073117
13.39,9340.0,4,20260201_073131
13.54,11388.0,4,20260201_073145
13.26,11388.0,4,20260201_073158
13.11,11400.0,4,20260201_073211
12.97,11392.0,4,20260201_073224
