20.29,9216.0,4,20250417_023005
20.23,9216.0,4,20250417_023025
20.52,8192.0,4,20250417_023046
20.1,9216.0,4,20250417_023106
18.34,9216.0,4,20250417_023124
18.55,8192.0,4,20250417_023143
18.56,8192.0,4,20250417_023202
15.79,8192.0,4,20250417_023218
15.71,9216.0,4,20250417_023234
15.56,9216.0,4,20250417_023250
14.57,8192.0,4,20250417_191756
14.7,8192.0,4,20250417_191811
14.61,8192.0,4,20250417_191825
14.79,9216.0,4,20250417_191840
14.73,8192.0,4,20250417_191855
14.61,9216.0,4,20250417_191910
14.32,8192.0,4,20250417_191925
14.37,9216.0,4,20250417_191939
14.63,9216.0,4,20250417_191954
14.68,7168.0,4,20250417_192009
