15.77,9216.0,4,20250417_022151
15.47,9216.0,4,20250417_022207
14.64,9216.0,4,20250417_022222
14.51,9216.0,4,20250417_022236
15.38,8192.0,4,20250417_022252
15.49,8192.0,4,20250417_022308
15.48,9216.0,4,20250417_022323
15.14,9216.0,4,20250417_022339
14.65,8192.0,4,20250417_022353
19.81,8192.0,4,20250417_022413
12.98,9252.0,4,20250704_062757
12.92,9280.0,4,20250704_062810
12.53,9248.0,4,20250704_062823
12.71,9248.0,4,20250704_062837
12.94,9288.0,4,20250704_062850
13.03,9296.0,4,20250704_062903
13.03,9276.0,4,20250704_062917
12.81,9256.0,4,20250704_062930
13.01,9272.0,4,20250704_062943
13.08,9256.0,4,20250704_062957
12.99,9260.0,4,20250704_063010
12.98,9248.0,4,20250704_063024
