23.35,25388.0,242,20250416_181601
22.92,25392.0,242,20250416_181624
22.48,25388.0,242,20250416_181647
22.62,25388.0,242,20250416_181710
23.18,25384.0,242,20250416_181733
22.91,25392.0,242,20250416_181756
23.68,25388.0,242,20250416_181820
25.11,24576.0,242,20250416_181845
22.72,25388.0,242,20250416_181908
24.58,24576.0,242,20250416_181933
21.47,25464.0,242,20250702_173956
21.19,25440.0,242,20250702_174018
21.52,25428.0,242,20250702_174039
21.45,25456.0,242,20250702_174101
21.69,25512.0,242,20250702_174123
21.56,25460.0,242,20250702_174145
21.32,25452.0,242,20250702_174206
21.51,25428.0,242,20250702_174228
21.36,24640.0,242,20250702_174249
21.24,25424.0,242,20250702_174311
