43.18,76800.0,6,20250416_204339
42.82,75776.0,6,20250416_204422
43.03,75776.0,6,20250416_204505
42.92,75776.0,6,20250416_204548
42.81,76800.0,6,20250416_204631
42.82,75776.0,6,20250416_204714
42.8,75776.0,6,20250416_204757
43.69,74752.0,6,20250416_204841
47.28,74752.0,6,20250416_204928
43.88,76800.0,6,20250416_205012
56.92,75812.0,6,20250702_194353
62.52,74848.0,6,20250702_194456
47.35,75844.0,6,20250702_194543
46.93,75900.0,6,20250702_194631
55.4,75812.0,6,20250702_194726
56.93,75880.0,6,20250702_194823
58.93,76924.0,6,20250702_194922
69.58,75812.0,6,20250702_195032
65.91,74788.0,6,20250702_195138
59.22,76836.0,6,20250702_195237
67.29,74820.0,6,20250703_032458
47.58,75852.0,6,20250703_032545
47.7,75812.0,6,20250703_032633
57.65,76836.0,6,20250703_032731
59.63,75812.0,6,20250703_032831
65.71,76836.0,6,20250703_032936
52.51,75856.0,6,20250703_033029
47.53,76852.0,6,20250703_033117
47.27,76872.0,6,20250703_033204
47.54,76868.0,6,20250703_033252
