45.98,123904.0,2,20250416_180733
35.88,122880.0,2,20250416_180809
36.65,123904.0,2,20250416_180846
35.91,123904.0,2,20250416_180922
35.85,122880.0,2,20250416_180958
35.9,123904.0,2,20250416_181034
35.97,123904.0,2,20250416_181110
36.13,122880.0,2,20250416_181146
36.51,122880.0,2,20250416_181223
35.98,122880.0,2,20250416_181259
52.36,120868.0,2,20250702_191640
58.53,122932.0,2,20250702_191739
59.16,122952.0,2,20250702_191838
51.35,123940.0,2,20250702_191930
48.53,122908.0,2,20250702_192019
51.21,123940.0,2,20250702_192110
38.69,122916.0,2,20250702_192149
57.11,121892.0,2,20250702_192246
49.21,122916.0,2,20250702_192336
39.0,122916.0,2,20250702_192415
