20.11,139576.0,4,20250416_204734
20.23,139576.0,4,20250416_204754
20.0,139576.0,4,20250416_204814
19.85,139572.0,4,20250416_204834
19.6,139576.0,4,20250416_204854
19.84,139572.0,4,20250416_204914
19.34,139576.0,4,20250416_204934
19.89,139580.0,4,20250416_204954
19.37,139572.0,4,20250416_205013
18.68,139576.0,4,20250416_205032
30.49,139576.0,4,20250417_193133
18.64,139572.0,4,20250417_193152
19.05,139580.0,4,20250417_193211
18.92,139576.0,4,20250417_193230
18.59,139572.0,4,20250417_193249
20.29,139576.0,4,20250417_193309
19.26,139576.0,4,20250417_193329
19.32,139576.0,4,20250417_193348
18.68,139576.0,4,20250417_193407
19.05,139576.0,4,20250417_193426
