55.25,99788.0,28,20250416_195034
54.85,99792.0,28,20250416_195129
56.05,99788.0,28,20250416_195225
55.04,99976.0,28,20250416_195321
55.18,99788.0,28,20250416_195416
56.4,99788.0,28,20250416_195513
54.67,99788.0,28,20250416_195608
54.96,100092.0,28,20250416_195703
55.31,99788.0,28,20250416_195758
56.22,99788.0,28,20250416_195855
58.93,100112.0,28,20250702_175349
57.94,99612.0,28,20250702_175447
59.75,100160.0,28,20250702_175547
59.42,99644.0,28,20250702_175647
60.27,99616.0,28,20250702_175747
60.83,99552.0,28,20250702_175848
56.9,100148.0,28,20250702_175945
56.73,99616.0,28,20250702_180042
56.63,99616.0,28,20250702_180139
56.28,100128.0,28,20250702_180236
59.36,100208.0,28,20250702_190353
55.36,99924.0,28,20250702_190448
58.54,99180.0,28,20250702_190547
59.8,99616.0,28,20250702_190647
62.34,100080.0,28,20250702_190750
55.85,100168.0,28,20250702_190846
56.07,99664.0,28,20250702_190942
57.77,100040.0,28,20250702_191040
54.07,99620.0,28,20250702_191134
54.56,99680.0,28,20250702_191229
