39.29,106496.0,2,20250416_181338
37.31,106496.0,2,20250416_181416
46.07,105472.0,2,20250416_181502
37.9,106496.0,2,20250416_181540
37.16,106496.0,2,20250416_181617
37.22,106496.0,2,20250416_181655
37.71,106496.0,2,20250416_181733
37.65,106496.0,2,20250416_181810
37.39,106496.0,2,20250416_181848
37.53,106496.0,2,20250416_181926
46.16,106568.0,2,20250702_194343
46.56,106620.0,2,20250702_194429
59.19,106572.0,2,20250702_194529
55.66,104484.0,2,20250702_194624
56.72,105536.0,2,20250702_194721
56.45,105504.0,2,20250702_194818
50.68,105592.0,2,20250702_194909
45.48,105508.0,2,20250702_194955
40.5,104564.0,2,20250702_195035
40.52,106560.0,2,20250702_195116
