43.03,76800.0,6,20250416_214216
43.08,76800.0,6,20250416_214259
43.28,75776.0,6,20250416_214343
42.82,76800.0,6,20250416_214426
43.46,75776.0,6,20250416_214509
42.7,76800.0,6,20250416_214552
42.96,76800.0,6,20250416_214635
47.84,72704.0,6,20250416_214723
43.17,74752.0,6,20250416_214807
43.44,76800.0,6,20250416_214850
45.99,75832.0,6,20250703_032320
47.22,76900.0,6,20250703_032407
47.54,75840.0,6,20250703_032455
64.66,76864.0,6,20250703_032600
58.34,76880.0,6,20250703_032658
64.39,76836.0,6,20250703_032803
73.58,75840.0,6,20250703_032917
64.94,76836.0,6,20250703_033022
58.6,76836.0,6,20250703_033120
51.77,75812.0,6,20250703_033212
46.84,76836.0,6,20250703_044710
46.87,75812.0,6,20250703_044757
46.35,76836.0,6,20250703_044844
46.88,76832.0,6,20250703_044931
46.51,76864.0,6,20250703_045018
64.81,75812.0,6,20250703_045123
47.86,75812.0,6,20250703_045211
47.29,75896.0,6,20250703_045258
48.19,76848.0,6,20250703_045346
49.0,76836.0,6,20250703_045435
