38.45,88064.0,4,20250416_181925
40.37,87040.0,4,20250416_182005
38.22,87040.0,4,20250416_182043
37.11,88064.0,4,20250416_182121
38.63,88064.0,4,20250416_182159
37.16,87040.0,4,20250416_182237
36.51,87040.0,4,20250416_182313
37.27,87040.0,4,20250416_182351
36.87,87040.0,4,20250416_182428
36.85,87040.0,4,20250416_182505
50.51,86140.0,4,20250702_194050
50.93,88100.0,4,20250702_194142
53.76,88100.0,4,20250702_194235
50.54,86080.0,4,20250702_194326
45.29,88136.0,4,20250702_194412
40.25,88140.0,4,20250702_194452
40.45,88100.0,4,20250702_194533
39.89,88120.0,4,20250702_194613
44.49,88100.0,4,20250702_194657
59.29,88100.0,4,20250702_194757
