258.32,90064.0,475,20250416_182108
257.05,90064.0,475,20250416_182527
256.8,90060.0,475,20250416_182945
257.22,90060.0,475,20250416_183404
255.16,90060.0,475,20250416_183821
261.78,90060.0,475,20250416_184245
257.72,90060.0,475,20250416_184704
252.8,90064.0,475,20250416_185118
255.29,90060.0,475,20250416_185535
255.62,90060.0,475,20250416_185952
255.61,89872.0,475,20250702_175708
254.18,89832.0,475,20250702_180124
254.53,89588.0,475,20250702_180541
259.49,88824.0,475,20250702_181002
253.4,88564.0,475,20250702_181418
256.28,88560.0,475,20250702_181837
256.82,88560.0,475,20250702_182256
275.09,88564.0,475,20250702_182733
330.55,88564.0,475,20250702_183306
278.66,88640.0,475,20250702_183748
263.79,88808.0,475,20250702_190718
291.43,88904.0,475,20250702_191212
264.43,88564.0,475,20250702_191639
267.01,88824.0,475,20250702_192108
283.41,88560.0,475,20250702_192554
289.7,89880.0,475,20250702_193046
260.69,88560.0,475,20250702_193509
