32.92,73728.0,5,20250416_194911
33.53,72704.0,5,20250416_194945
33.51,73728.0,5,20250416_195019
33.64,73728.0,5,20250416_195052
33.56,73728.0,5,20250416_195126
32.92,73728.0,5,20250416_195159
33.89,73728.0,5,20250416_195233
33.21,73728.0,5,20250416_195306
33.94,72704.0,5,20250416_195340
39.85,72704.0,5,20250416_195421
56.88,72740.0,5,20250702_191644
50.89,71716.0,5,20250702_191735
45.7,73764.0,5,20250702_191821
36.75,73796.0,5,20250702_191858
36.06,73764.0,5,20250702_191934
35.55,73816.0,5,20250702_192010
35.81,73812.0,5,20250702_192046
35.57,73764.0,5,20250702_192122
44.98,72740.0,5,20250702_192207
42.89,73852.0,5,20250702_192250
