35.28,89088.0,4,20250416_182001
35.89,89088.0,4,20250416_182037
46.93,89088.0,4,20250416_182124
35.39,89088.0,4,20250416_182200
35.27,88064.0,4,20250416_182235
34.49,88064.0,4,20250416_182310
35.56,89088.0,4,20250416_182345
34.99,89088.0,4,20250416_182420
34.75,89088.0,4,20250416_182455
34.99,89088.0,4,20250416_182531
39.28,89144.0,4,20250703_032313
40.72,89116.0,4,20250703_032354
50.43,89124.0,4,20250703_032445
53.34,89192.0,4,20250703_032538
56.24,89124.0,4,20250703_032635
42.34,90140.0,4,20250703_032717
44.04,89164.0,4,20250703_032801
38.46,89136.0,4,20250703_032840
38.1,89128.0,4,20250703_032918
38.48,89160.0,4,20250703_032957
52.25,89152.0,4,20250703_044716
62.87,89124.0,4,20250703_044819
37.54,89124.0,4,20250703_044857
43.14,89124.0,4,20250703_044940
37.63,89124.0,4,20250703_045018
37.98,89196.0,4,20250703_045056
37.63,90152.0,4,20250703_045134
40.31,89120.0,4,20250703_045214
48.12,90144.0,4,20250703_045302
49.72,89124.0,4,20250703_045352
