36.99,113664.0,4,20250416_180340
37.47,113664.0,4,20250416_180418
37.97,113664.0,4,20250416_180456
37.26,113664.0,4,20250416_180533
39.32,113664.0,4,20250416_180612
36.81,113664.0,4,20250416_180649
45.01,113664.0,4,20250416_180735
37.29,113664.0,4,20250416_180812
37.83,113664.0,4,20250416_180850
37.56,113664.0,4,20250416_180928
39.4,113788.0,4,20250702_175329
43.29,113724.0,4,20250702_175412
38.63,113700.0,4,20250702_175451
37.52,113724.0,4,20250702_175529
39.31,113700.0,4,20250702_175608
39.03,113700.0,4,20250702_175647
37.39,113700.0,4,20250702_175725
38.28,113740.0,4,20250702_175803
38.26,113700.0,4,20250702_175842
38.79,113748.0,4,20250702_175921
49.97,113700.0,4,20250702_190343
41.59,113728.0,4,20250702_190425
43.9,113740.0,4,20250702_190509
40.51,113756.0,4,20250702_190550
40.65,113700.0,4,20250702_190631
40.3,113728.0,4,20250702_190711
40.18,113696.0,4,20250702_190751
42.41,113732.0,4,20250702_190834
41.47,113728.0,4,20250702_190916
45.89,113700.0,4,20250702_191002
