9.41,1240064.0,1,20250416_184650
9.48,1241088.0,1,20250416_184700
9.87,1241088.0,1,20250416_184711
9.39,1241088.0,1,20250416_184721
9.36,1241088.0,1,20250416_184732
9.46,1241088.0,1,20250416_184742
9.45,1241088.0,1,20250416_184753
9.34,1241088.0,1,20250416_184803
9.52,1241088.0,1,20250416_184813
9.51,1241088.0,1,20250416_184824
10.02,1241088.0,1,20250511_211539
10.0,1241088.0,1,20250511_211550
9.94,1240064.0,1,20250511_211601
9.95,1241088.0,1,20250511_211612
9.93,1240064.0,1,20250511_211623
10.04,1241088.0,1,20250511_211634
10.02,1241088.0,1,20250511_211644
9.95,1241088.0,1,20250511_211655
9.91,1241088.0,1,20250511_211706
9.94,1241088.0,1,20250511_211717
10.17,1241088.0,1,20250516_065812
10.09,1241088.0,1,20250516_065824
10.15,1241088.0,1,20250516_065835
10.09,1241088.0,1,20250516_065846
10.19,1241088.0,1,20250516_065857
10.19,1241088.0,1,20250516_065908
10.17,1241088.0,1,20250516_065919
10.15,1241088.0,1,20250516_065930
10.16,1241088.0,1,20250516_065941
10.07,1240064.0,1,20250516_065952
9.04,1241088.0,1,20250519_123233
9.06,1241088.0,1,20250519_123243
9.12,1241088.0,1,20250519_123253
9.12,1241088.0,1,20250519_123303
9.15,1241088.0,1,20250519_123313
9.13,1241088.0,1,20250519_123323
9.16,1241088.0,1,20250519_123333
9.14,1241088.0,1,20250519_123343
9.06,1241088.0,1,20250519_123353
9.14,1241088.0,1,20250519_123404
