40608.78,3042304.0,1,20250417_094415
30204.82,3041280.0,1,20250418_041426
30657.79,3042304.0,1,20250418_042258
30429.48,3037184.0,1,20250418_124156
30448.77,3035136.0,1,20250418_125049
35110.98,3030016.0,1,20250419_014352
34581.0,3063808.0,1,20250512_070501
32486.91,3065856.0,1,20250519_214202
33652.03,3065856.0,1,20250520_070738
33354.43,3062784.0,1,20250520_162722
33055.29,3065856.0,1,20250521_014355
31656.92,3058688.0,1,20250521_103301
31565.3,3059712.0,1,20250521_191959
32757.06,3062784.0,1,20250522_042628
32095.96,3054592.0,1,20250522_132308
32651.1,3065856.0,1,20250522_222911
32382.39,3065856.0,1,20250523_072923
