9.37,1241088.0,1,20250416_190400
9.41,1241088.0,1,20250416_190410
9.32,1241088.0,1,20250416_190421
9.39,1241088.0,1,20250416_190431
9.31,1241088.0,1,20250416_190441
9.41,1241088.0,1,20250416_190452
9.43,1241088.0,1,20250416_190502
9.51,1239040.0,1,20250416_190513
9.43,1241088.0,1,20250416_190523
9.47,1241088.0,1,20250416_190533
10.08,1241088.0,1,20250511_211719
10.27,1241088.0,1,20250511_211730
10.35,1241088.0,1,20250511_211742
10.34,1241088.0,1,20250511_211753
10.26,1241088.0,1,20250511_211804
10.33,1241088.0,1,20250511_211816
10.15,1241088.0,1,20250511_211827
10.22,1241088.0,1,20250511_211838
10.28,1240064.0,1,20250511_211849
10.23,1241088.0,1,20250511_211900
9.86,1241088.0,1,20250516_065856
9.91,1241088.0,1,20250516_065907
9.99,1241088.0,1,20250516_065918
9.95,1241088.0,1,20250516_065929
9.97,1241088.0,1,20250516_065940
10.01,1241088.0,1,20250516_065950
9.91,1240064.0,1,20250516_070001
9.8,1241088.0,1,20250516_070012
10.12,1241088.0,1,20250516_070023
10.05,1241088.0,1,20250516_070034
8.67,1241088.0,1,20250519_123312
8.75,1241088.0,1,20250519_123322
8.83,1241088.0,1,20250519_123331
8.72,1241088.0,1,20250519_123341
8.77,1241088.0,1,20250519_123351
8.71,1241088.0,1,20250519_123400
8.8,1241088.0,1,20250519_123410
8.78,1241088.0,1,20250519_123420
8.73,1241088.0,1,20250519_123429
8.76,1241088.0,1,20250519_123439
