9.46,1241088.0,1,20250416_190601
9.44,1241088.0,1,20250416_190612
9.39,1241088.0,1,20250416_190622
9.4,1241088.0,1,20250416_190633
9.46,1241088.0,1,20250416_190643
9.6,1240064.0,1,20250416_190654
9.38,1241088.0,1,20250416_190704
9.48,1241088.0,1,20250416_190714
9.42,1241088.0,1,20250416_190725
9.44,1241088.0,1,20250416_190735
9.91,1241088.0,1,20250511_211850
9.94,1241088.0,1,20250511_211901
10.05,1241088.0,1,20250511_211912
9.89,1240064.0,1,20250511_211923
9.92,1241088.0,1,20250511_211934
9.95,1241088.0,1,20250511_211945
9.89,1241088.0,1,20250511_211956
9.94,1241088.0,1,20250511_212006
9.95,1241088.0,1,20250511_212017
9.92,1241088.0,1,20250511_212028
10.07,1241088.0,1,20250516_070021
10.02,1240064.0,1,20250516_070032
10.1,1241088.0,1,20250516_070043
10.11,1241088.0,1,20250516_070054
10.14,1241088.0,1,20250516_070105
10.1,1240064.0,1,20250516_070116
10.1,1241088.0,1,20250516_070127
10.06,1240064.0,1,20250516_070138
10.09,1241088.0,1,20250516_070149
10.11,1241088.0,1,20250516_070201
9.22,1241088.0,1,20250519_123450
9.17,1241088.0,1,20250519_123500
9.06,1241088.0,1,20250519_123510
9.05,1241088.0,1,20250519_123520
9.11,1241088.0,1,20250519_123530
9.35,1241088.0,1,20250519_123541
9.17,1241088.0,1,20250519_123551
9.26,1241088.0,1,20250519_123601
9.15,1241088.0,1,20250519_123611
9.05,1241088.0,1,20250519_123621
