9.54,1241088.0,1,20250416_183053
9.58,1240064.0,1,20250416_183104
9.51,1240064.0,1,20250416_183114
9.49,1241088.0,1,20250416_183125
9.45,1241088.0,1,20250416_183135
9.47,1240064.0,1,20250416_183146
10.05,1241088.0,1,20250416_183157
9.44,1240064.0,1,20250416_183207
9.4,1240064.0,1,20250416_183218
9.44,1241088.0,1,20250416_183228
10.19,1241088.0,1,20250511_211709
10.31,1241088.0,1,20250511_211721
10.23,1241088.0,1,20250511_211732
10.26,1241088.0,1,20250511_211743
10.31,1241088.0,1,20250511_211754
10.32,1241088.0,1,20250511_211806
10.22,1241088.0,1,20250511_211817
10.08,1241088.0,1,20250511_211828
10.14,1241088.0,1,20250511_211839
10.23,1241088.0,1,20250511_211851
9.91,1241088.0,1,20250516_065712
10.05,1241088.0,1,20250516_065723
9.95,1241088.0,1,20250516_065734
9.87,1241088.0,1,20250516_065745
9.86,1241088.0,1,20250516_065756
10.08,1241088.0,1,20250516_065807
9.88,1241088.0,1,20250516_065817
9.88,1241088.0,1,20250516_065828
9.89,1241088.0,1,20250516_065839
9.95,1241088.0,1,20250516_065850
9.08,1241088.0,1,20250519_123301
9.21,1241088.0,1,20250519_123311
9.07,1241088.0,1,20250519_123321
8.98,1241088.0,1,20250519_123331
9.16,1241088.0,1,20250519_123341
9.13,1241088.0,1,20250519_123351
9.09,1241088.0,1,20250519_123401
9.16,1241088.0,1,20250519_123411
9.17,1241088.0,1,20250519_123421
9.07,1241088.0,1,20250519_123431
