9.48,1241088.0,1,20250416_182354
9.41,1241088.0,1,20250416_182405
9.46,1241088.0,1,20250416_182415
9.46,1241088.0,1,20250416_182426
9.4,1241088.0,1,20250416_182436
9.41,1240064.0,1,20250416_182446
9.44,1241088.0,1,20250416_182457
9.36,1241088.0,1,20250416_182507
9.41,1241088.0,1,20250416_182518
9.51,1241088.0,1,20250416_182528
9.69,1241088.0,1,20250511_210943
9.77,1241088.0,1,20250511_210954
9.62,1241088.0,1,20250511_211005
9.7,1241088.0,1,20250511_211016
9.78,1241088.0,1,20250511_211026
9.81,1241088.0,1,20250511_211037
9.95,1241088.0,1,20250511_211048
10.0,1241088.0,1,20250511_211059
9.93,1241088.0,1,20250511_211110
10.12,1241088.0,1,20250511_211121
9.88,1240064.0,1,20250516_064952
9.77,1241088.0,1,20250516_065003
9.92,1241088.0,1,20250516_065013
9.9,1241088.0,1,20250516_065024
10.01,1241088.0,1,20250516_065035
9.93,1241088.0,1,20250516_065046
10.03,1241088.0,1,20250516_065057
9.96,1241088.0,1,20250516_065108
9.83,1241088.0,1,20250516_065119
9.97,1241088.0,1,20250516_065130
8.71,1241088.0,1,20250519_122620
8.85,1240064.0,1,20250519_122630
8.87,1240064.0,1,20250519_122640
8.99,1241088.0,1,20250519_122650
9.02,1241088.0,1,20250519_122700
8.96,1241088.0,1,20250519_122710
8.85,1241088.0,1,20250519_122719
8.93,1241088.0,1,20250519_122729
9.13,1241088.0,1,20250519_122739
9.21,1241088.0,1,20250519_122749
