9.42,1241088.0,1,20250416_183104
9.68,1240064.0,1,20250416_183114
9.43,1241088.0,1,20250416_183125
9.5,1240064.0,1,20250416_183135
9.5,1240064.0,1,20250416_183146
9.97,1241088.0,1,20250416_183157
9.45,1241088.0,1,20250416_183207
9.42,1240064.0,1,20250416_183217
9.45,1241088.0,1,20250416_183228
9.35,1241088.0,1,20250416_183238
9.93,1241088.0,1,20250511_211625
9.95,1241088.0,1,20250511_211636
9.97,1241088.0,1,20250511_211647
9.87,1241088.0,1,20250511_211658
10.05,1241088.0,1,20250511_211709
9.88,1241088.0,1,20250511_211720
10.04,1241088.0,1,20250511_211731
9.91,1240064.0,1,20250511_211741
9.93,1241088.0,1,20250511_211752
9.94,1241088.0,1,20250511_211803
10.17,1241088.0,1,20250516_065549
10.19,1241088.0,1,20250516_065600
10.12,1241088.0,1,20250516_065611
10.14,1241088.0,1,20250516_065622
10.18,1241088.0,1,20250516_065633
10.21,1241088.0,1,20250516_065645
10.18,1241088.0,1,20250516_065656
10.14,1241088.0,1,20250516_065707
10.06,1241088.0,1,20250516_065718
10.15,1241088.0,1,20250516_065729
8.73,1241088.0,1,20250519_123218
8.76,1241088.0,1,20250519_123228
8.75,1240064.0,1,20250519_123238
8.72,1241088.0,1,20250519_123247
8.68,1241088.0,1,20250519_123257
8.83,1241088.0,1,20250519_123307
8.76,1241088.0,1,20250519_123316
8.79,1240064.0,1,20250519_123326
8.83,1240064.0,1,20250519_123336
8.7,1241088.0,1,20250519_123345
