32454.07,3174400.0,2,20250418_105453
36821.44,3158016.0,2,20250419_021344
34036.29,3182592.0,2,20250419_114151
35527.15,3178496.0,2,20250419_213458
38797.33,3179520.0,2,20250420_082259
36644.15,3194880.0,2,20250512_073947
31699.65,3187712.0,2,20250519_213037
32331.55,3193856.0,2,20250520_063352
32584.75,3189760.0,2,20250520_154109
35123.52,3193856.0,2,20250521_012814
35217.87,3191808.0,2,20250521_111855
33488.44,3187712.0,2,20250521_203758
33408.7,3191808.0,2,20250522_055556
35670.62,3190784.0,2,20250522_155142
32997.83,3191808.0,2,20250523_010322
32894.84,3194880.0,2,20250523_101734
