9.41,1241088.0,1,20250416_190031
9.46,1241088.0,1,20250416_190042
9.43,1240064.0,1,20250416_190052
9.47,1241088.0,1,20250416_190103
9.54,1239040.0,1,20250416_190113
9.37,1241088.0,1,20250416_190124
9.46,1240064.0,1,20250416_190134
9.36,1241088.0,1,20250416_190144
9.41,1241088.0,1,20250416_190155
9.48,1241088.0,1,20250416_190205
9.96,1241088.0,1,20250511_211337
10.05,1241088.0,1,20250511_211348
10.04,1241088.0,1,20250511_211359
10.12,1241088.0,1,20250511_211410
10.0,1241088.0,1,20250511_211421
9.98,1241088.0,1,20250511_211432
10.05,1241088.0,1,20250511_211443
10.01,1241088.0,1,20250511_211454
9.94,1241088.0,1,20250511_211505
10.15,1241088.0,1,20250511_211516
9.88,1241088.0,1,20250516_065518
9.78,1241088.0,1,20250516_065528
9.97,1241088.0,1,20250516_065539
9.86,1241088.0,1,20250516_065550
10.35,1241088.0,1,20250516_065601
9.96,1241088.0,1,20250516_065612
9.99,1240064.0,1,20250516_065623
9.87,1241088.0,1,20250516_065634
9.92,1241088.0,1,20250516_065645
10.07,1241088.0,1,20250516_065656
8.92,1241088.0,1,20250519_122958
8.77,1241088.0,1,20250519_123008
8.75,1241088.0,1,20250519_123017
8.76,1241088.0,1,20250519_123027
8.72,1241088.0,1,20250519_123037
8.7,1241088.0,1,20250519_123046
8.91,1241088.0,1,20250519_123056
8.83,1239040.0,1,20250519_123106
8.91,1241088.0,1,20250519_123116
8.77,1241088.0,1,20250519_123125
