9.4,1241088.0,1,20250416_185847
9.37,1241088.0,1,20250416_185857
9.44,1241088.0,1,20250416_185908
9.58,1240064.0,1,20250416_185918
9.43,1241088.0,1,20250416_185929
9.42,1241088.0,1,20250416_185939
9.51,1241088.0,1,20250416_185950
9.38,1241088.0,1,20250416_190000
9.44,1241088.0,1,20250416_190011
9.41,1241088.0,1,20250416_190021
10.31,1241088.0,1,20250511_211147
9.89,1241088.0,1,20250511_211158
10.03,1241088.0,1,20250511_211209
9.95,1241088.0,1,20250511_211220
9.94,1241088.0,1,20250511_211231
10.01,1241088.0,1,20250511_211242
10.06,1241088.0,1,20250511_211253
10.04,1241088.0,1,20250511_211304
10.01,1241088.0,1,20250511_211315
10.03,1241088.0,1,20250511_211326
9.81,1241088.0,1,20250516_065329
9.94,1241088.0,1,20250516_065340
9.91,1241088.0,1,20250516_065351
9.78,1241088.0,1,20250516_065402
9.95,1241088.0,1,20250516_065412
9.89,1241088.0,1,20250516_065423
9.9,1241088.0,1,20250516_065434
10.0,1241088.0,1,20250516_065445
10.15,1241088.0,1,20250516_065456
9.87,1241088.0,1,20250516_065507
8.74,1241088.0,1,20250519_122821
8.81,1240064.0,1,20250519_122831
8.76,1241088.0,1,20250519_122841
8.73,1241088.0,1,20250519_122850
8.74,1241088.0,1,20250519_122900
8.79,1241088.0,1,20250519_122909
8.69,1241088.0,1,20250519_122919
8.68,1241088.0,1,20250519_122929
8.78,1241088.0,1,20250519_122938
8.82,1241088.0,1,20250519_122948
