9.57,1241088.0,1,20250416_185716
9.76,1241088.0,1,20250416_185727
9.42,1241088.0,1,20250416_185737
9.46,1241088.0,1,20250416_185747
9.44,1241088.0,1,20250416_185758
9.47,1241088.0,1,20250416_185808
9.44,1241088.0,1,20250416_185819
9.75,1239040.0,1,20250416_185830
9.5,1241088.0,1,20250416_185841
9.38,1241088.0,1,20250416_185851
9.67,1241088.0,1,20250511_210936
9.71,1241088.0,1,20250511_210947
9.71,1241088.0,1,20250511_210957
9.84,1241088.0,1,20250511_211008
9.64,1241088.0,1,20250511_211019
9.76,1241088.0,1,20250511_211029
9.87,1241088.0,1,20250511_211040
9.86,1241088.0,1,20250511_211051
9.77,1241088.0,1,20250511_211102
9.9,1241088.0,1,20250511_211113
9.88,1241088.0,1,20250516_065105
9.83,1241088.0,1,20250516_065116
9.82,1241088.0,1,20250516_065126
10.04,1241088.0,1,20250516_065137
10.22,1241088.0,1,20250516_065149
10.13,1241088.0,1,20250516_065200
10.11,1241088.0,1,20250516_065211
10.14,1241088.0,1,20250516_065222
10.17,1241088.0,1,20250516_065233
10.13,1241088.0,1,20250516_065244
8.73,1240064.0,1,20250519_122629
8.88,1241088.0,1,20250519_122639
8.96,1241088.0,1,20250519_122648
8.92,1241088.0,1,20250519_122658
9.11,1241088.0,1,20250519_122708
8.92,1241088.0,1,20250519_122718
8.84,1241088.0,1,20250519_122728
9.02,1241088.0,1,20250519_122738
9.31,1241088.0,1,20250519_122748
9.2,1241088.0,1,20250519_122758
