9.39,1241088.0,1,20250416_184450
9.49,1241088.0,1,20250416_184500
9.42,1241088.0,1,20250416_184511
9.4,1241088.0,1,20250416_184521
10.33,1239040.0,1,20250416_184533
9.65,1241088.0,1,20250416_184543
9.64,1241088.0,1,20250416_184554
9.74,1241088.0,1,20250416_184604
9.88,1241088.0,1,20250416_184615
9.35,1241088.0,1,20250416_184626
10.32,1241088.0,1,20250511_211347
10.22,1241088.0,1,20250511_211358
10.31,1241088.0,1,20250511_211409
10.3,1241088.0,1,20250511_211420
10.33,1241088.0,1,20250511_211432
10.12,1241088.0,1,20250511_211443
10.16,1241088.0,1,20250511_211454
10.3,1241088.0,1,20250511_211505
10.27,1241088.0,1,20250511_211517
10.19,1241088.0,1,20250511_211528
9.95,1241088.0,1,20250516_065600
9.79,1241088.0,1,20250516_065611
9.82,1241088.0,1,20250516_065621
10.31,1241088.0,1,20250516_065633
10.04,1241088.0,1,20250516_065644
9.89,1241088.0,1,20250516_065655
10.08,1240064.0,1,20250516_065706
10.13,1240064.0,1,20250516_065717
10.11,1241088.0,1,20250516_065728
10.06,1241088.0,1,20250516_065739
8.88,1239040.0,1,20250519_123025
8.74,1241088.0,1,20250519_123035
8.75,1241088.0,1,20250519_123045
8.98,1241088.0,1,20250519_123055
8.77,1241088.0,1,20250519_123104
8.73,1241088.0,1,20250519_123114
8.69,1241088.0,1,20250519_123124
8.77,1241088.0,1,20250519_123133
8.84,1241088.0,1,20250519_123143
8.73,1241088.0,1,20250519_123153
