9.45,1241088.0,1,20250416_190913
9.39,1241088.0,1,20250416_190924
9.46,1240064.0,1,20250416_190934
9.38,1241088.0,1,20250416_190944
9.43,1241088.0,1,20250416_190955
9.39,1240064.0,1,20250416_191005
9.39,1241088.0,1,20250416_191016
9.51,1240064.0,1,20250416_191026
9.36,1241088.0,1,20250416_191036
9.4,1241088.0,1,20250416_191047
10.23,1241088.0,1,20250511_212255
10.09,1241088.0,1,20250511_212306
10.23,1241088.0,1,20250511_212318
10.19,1241088.0,1,20250511_212329
10.21,1241088.0,1,20250511_212340
10.08,1241088.0,1,20250511_212351
10.19,1241088.0,1,20250511_212402
10.14,1241088.0,1,20250511_212414
10.18,1241088.0,1,20250511_212425
10.11,1241088.0,1,20250511_212436
9.89,1241088.0,1,20250516_070423
9.83,1241088.0,1,20250516_070434
9.99,1241088.0,1,20250516_070444
9.99,1241088.0,1,20250516_070455
9.93,1241088.0,1,20250516_070506
9.99,1241088.0,1,20250516_070517
9.89,1240064.0,1,20250516_070528
9.85,1241088.0,1,20250516_070539
9.89,1241088.0,1,20250516_070550
9.88,1241088.0,1,20250516_070601
8.73,1241088.0,1,20250519_123802
8.75,1241088.0,1,20250519_123812
8.7,1241088.0,1,20250519_123822
8.71,1241088.0,1,20250519_123831
8.77,1241088.0,1,20250519_123841
8.73,1241088.0,1,20250519_123851
8.65,1241088.0,1,20250519_123900
8.79,1241088.0,1,20250519_123910
9.05,1241088.0,1,20250519_123920
9.17,1241088.0,1,20250519_123930
