9.38,1241088.0,1,20250416_190930
9.37,1241088.0,1,20250416_190940
9.44,1241088.0,1,20250416_190950
9.43,1241088.0,1,20250416_191001
9.41,1241088.0,1,20250416_191011
9.39,1241088.0,1,20250416_191022
9.46,1241088.0,1,20250416_191032
9.47,1241088.0,1,20250416_191043
9.4,1241088.0,1,20250416_191053
9.4,1240064.0,1,20250416_191103
9.93,1241088.0,1,20250511_212229
9.99,1240064.0,1,20250511_212240
9.97,1241088.0,1,20250511_212251
9.92,1241088.0,1,20250511_212302
9.95,1241088.0,1,20250511_212312
10.02,1241088.0,1,20250511_212323
10.0,1241088.0,1,20250511_212334
9.82,1241088.0,1,20250511_212345
10.0,1241088.0,1,20250511_212356
9.96,1241088.0,1,20250511_212407
10.46,1241088.0,1,20250516_070404
10.33,1241088.0,1,20250516_070415
10.56,1241088.0,1,20250516_070426
10.34,1241088.0,1,20250516_070438
10.43,1241088.0,1,20250516_070449
10.44,1241088.0,1,20250516_070501
10.42,1241088.0,1,20250516_070512
10.39,1241088.0,1,20250516_070523
10.43,1241088.0,1,20250516_070535
10.61,1241088.0,1,20250516_070546
9.21,1241088.0,1,20250519_123812
9.08,1241088.0,1,20250519_123822
9.09,1241088.0,1,20250519_123832
9.21,1241088.0,1,20250519_123842
9.11,1241088.0,1,20250519_123852
9.09,1241088.0,1,20250519_123902
9.17,1241088.0,1,20250519_123912
9.29,1241088.0,1,20250519_123922
9.25,1241088.0,1,20250519_123933
9.03,1241088.0,1,20250519_123943
