9.53,1241088.0,1,20250416_184121
9.49,1241088.0,1,20250416_184132
9.51,1240064.0,1,20250416_184142
9.51,1241088.0,1,20250416_184153
9.65,1241088.0,1,20250416_184203
9.51,1241088.0,1,20250416_184214
9.46,1241088.0,1,20250416_184224
9.43,1241088.0,1,20250416_184235
9.39,1241088.0,1,20250416_184245
9.44,1241088.0,1,20250416_184256
9.76,1241088.0,1,20250511_211005
9.6,1241088.0,1,20250511_211016
9.86,1240064.0,1,20250511_211026
10.02,1241088.0,1,20250511_211037
9.82,1241088.0,1,20250511_211048
9.8,1241088.0,1,20250511_211059
10.04,1241088.0,1,20250511_211110
10.15,1241088.0,1,20250511_211121
10.16,1241088.0,1,20250511_211132
10.16,1241088.0,1,20250511_211143
9.85,1240064.0,1,20250516_065222
9.85,1241088.0,1,20250516_065233
9.94,1241088.0,1,20250516_065244
9.88,1241088.0,1,20250516_065255
9.78,1241088.0,1,20250516_065306
9.97,1241088.0,1,20250516_065316
9.81,1241088.0,1,20250516_065327
9.82,1241088.0,1,20250516_065338
9.93,1241088.0,1,20250516_065349
9.91,1241088.0,1,20250516_065400
8.73,1241088.0,1,20250519_122712
8.68,1241088.0,1,20250519_122721
8.7,1241088.0,1,20250519_122731
8.8,1241088.0,1,20250519_122741
8.76,1241088.0,1,20250519_122750
8.71,1241088.0,1,20250519_122800
8.99,1241088.0,1,20250519_122810
8.76,1241088.0,1,20250519_122819
8.71,1241088.0,1,20250519_122829
8.71,1241088.0,1,20250519_122839
