9.44,1241088.0,1,20250416_183423
9.43,1241088.0,1,20250416_183433
9.48,1241088.0,1,20250416_183444
9.43,1241088.0,1,20250416_183454
9.73,1241088.0,1,20250416_183505
9.38,1241088.0,1,20250416_183515
9.41,1241088.0,1,20250416_183526
9.4,1241088.0,1,20250416_183536
9.43,1241088.0,1,20250416_183546
9.41,1241088.0,1,20250416_183557
10.17,1241088.0,1,20250511_212053
10.14,1241088.0,1,20250511_212105
10.27,1241088.0,1,20250511_212116
10.21,1241088.0,1,20250511_212127
10.18,1241088.0,1,20250511_212138
10.34,1241088.0,1,20250511_212150
10.13,1241088.0,1,20250511_212201
10.21,1241088.0,1,20250511_212212
10.24,1241088.0,1,20250511_212223
10.29,1241088.0,1,20250511_212235
10.01,1240064.0,1,20250516_070050
10.04,1241088.0,1,20250516_070101
10.13,1241088.0,1,20250516_070112
9.91,1241088.0,1,20250516_070123
9.78,1241088.0,1,20250516_070134
10.08,1241088.0,1,20250516_070145
10.03,1241088.0,1,20250516_070156
9.92,1241088.0,1,20250516_070207
9.9,1241088.0,1,20250516_070218
9.87,1241088.0,1,20250516_070229
9.19,1241088.0,1,20250519_123622
9.08,1241088.0,1,20250519_123632
9.04,1241088.0,1,20250519_123642
9.14,1241088.0,1,20250519_123652
9.11,1241088.0,1,20250519_123702
9.22,1241088.0,1,20250519_123712
9.19,1241088.0,1,20250519_123722
9.19,1241088.0,1,20250519_123732
9.17,1241088.0,1,20250519_123742
9.09,1241088.0,1,20250519_123752
