9.39,1241088.0,1,20250416_183951
9.34,1241088.0,1,20250416_184001
9.46,1241088.0,1,20250416_184011
9.4,1240064.0,1,20250416_184022
9.43,1241088.0,1,20250416_184032
9.42,1241088.0,1,20250416_184043
9.41,1241088.0,1,20250416_184053
9.97,1241088.0,1,20250416_184104
9.49,1241088.0,1,20250416_184115
9.68,1241088.0,1,20250416_184125
9.47,1240064.0,1,20250511_210826
9.48,1240064.0,1,20250511_210836
9.54,1241088.0,1,20250511_210847
9.6,1240064.0,1,20250511_210857
9.64,1240064.0,1,20250511_210908
9.48,1241088.0,1,20250511_210918
9.62,1241088.0,1,20250511_210929
9.55,1241088.0,1,20250511_210939
9.74,1240064.0,1,20250511_210950
9.75,1241088.0,1,20250511_211001
9.9,1241088.0,1,20250516_065047
10.03,1241088.0,1,20250516_065058
10.0,1241088.0,1,20250516_065109
9.89,1241088.0,1,20250516_065120
10.06,1241088.0,1,20250516_065131
10.11,1241088.0,1,20250516_065142
10.2,1241088.0,1,20250516_065153
10.18,1241088.0,1,20250516_065205
10.21,1241088.0,1,20250516_065216
10.23,1241088.0,1,20250516_065227
8.71,1241088.0,1,20250519_122553
8.79,1241088.0,1,20250519_122603
8.75,1241088.0,1,20250519_122613
8.78,1241088.0,1,20250519_122623
8.78,1241088.0,1,20250519_122632
8.97,1241088.0,1,20250519_122642
8.94,1241088.0,1,20250519_122652
8.99,1241088.0,1,20250519_122702
8.95,1241088.0,1,20250519_122712
8.8,1241088.0,1,20250519_122721
