9.41,1241088.0,1,20250416_190728
9.48,1241088.0,1,20250416_190739
9.38,1241088.0,1,20250416_190749
9.41,1241088.0,1,20250416_190800
9.54,1241088.0,1,20250416_190810
9.43,1241088.0,1,20250416_190821
9.42,1241088.0,1,20250416_190831
9.46,1241088.0,1,20250416_190841
9.42,1241088.0,1,20250416_190852
9.55,1241088.0,1,20250416_190902
10.2,1241088.0,1,20250511_212103
10.17,1241088.0,1,20250511_212115
10.17,1241088.0,1,20250511_212126
10.08,1241088.0,1,20250511_212137
10.25,1241088.0,1,20250511_212148
10.14,1241088.0,1,20250511_212159
10.16,1241088.0,1,20250511_212210
10.21,1241088.0,1,20250511_212222
10.19,1241088.0,1,20250511_212233
10.26,1241088.0,1,20250511_212244
9.95,1240064.0,1,20250516_070234
9.93,1241088.0,1,20250516_070245
9.88,1241088.0,1,20250516_070256
9.9,1241088.0,1,20250516_070307
10.0,1240064.0,1,20250516_070318
9.91,1241088.0,1,20250516_070329
9.88,1241088.0,1,20250516_070339
9.9,1241088.0,1,20250516_070350
9.97,1241088.0,1,20250516_070401
9.91,1241088.0,1,20250516_070412
8.85,1241088.0,1,20250519_123626
8.8,1241088.0,1,20250519_123635
8.72,1241088.0,1,20250519_123645
8.75,1241088.0,1,20250519_123655
8.76,1241088.0,1,20250519_123704
8.72,1241088.0,1,20250519_123714
8.73,1241088.0,1,20250519_123724
8.78,1241088.0,1,20250519_123733
8.74,1241088.0,1,20250519_123743
8.79,1241088.0,1,20250519_123753
