9.34,1240064.0,1,20250416_184136
9.47,1240064.0,1,20250416_184146
9.39,1241088.0,1,20250416_184156
9.44,1241088.0,1,20250416_184207
9.41,1240064.0,1,20250416_184217
9.42,1241088.0,1,20250416_184228
9.43,1240064.0,1,20250416_184238
9.38,1241088.0,1,20250416_184248
9.42,1241088.0,1,20250416_184259
9.77,1241088.0,1,20250416_184310
9.78,1241088.0,1,20250511_211011
9.73,1241088.0,1,20250511_211022
9.67,1241088.0,1,20250511_211033
9.65,1241088.0,1,20250511_211043
9.67,1241088.0,1,20250511_211054
9.72,1241088.0,1,20250511_211105
9.84,1239040.0,1,20250511_211115
9.78,1241088.0,1,20250511_211126
9.73,1241088.0,1,20250511_211137
9.85,1241088.0,1,20250511_211148
10.16,1241088.0,1,20250516_065238
10.18,1241088.0,1,20250516_065249
10.24,1241088.0,1,20250516_065301
10.17,1241088.0,1,20250516_065312
10.26,1241088.0,1,20250516_065323
10.13,1241088.0,1,20250516_065334
10.13,1241088.0,1,20250516_065345
10.21,1241088.0,1,20250516_065356
10.06,1241088.0,1,20250516_065407
10.22,1241088.0,1,20250516_065418
9.0,1241088.0,1,20250519_122731
9.05,1241088.0,1,20250519_122741
9.03,1241088.0,1,20250519_122751
9.07,1241088.0,1,20250519_122801
9.5,1241088.0,1,20250519_122812
9.23,1241088.0,1,20250519_122822
9.12,1241088.0,1,20250519_122832
9.13,1241088.0,1,20250519_122842
9.11,1241088.0,1,20250519_122852
9.11,1241088.0,1,20250519_122902
