9.41,1241088.0,1,20250416_182734
9.43,1241088.0,1,20250416_182744
9.46,1241088.0,1,20250416_182755
9.45,1240064.0,1,20250416_182805
9.48,1240064.0,1,20250416_182816
9.51,1241088.0,1,20250416_182826
9.45,1240064.0,1,20250416_182837
9.49,1240064.0,1,20250416_182847
9.44,1240064.0,1,20250416_182858
9.5,1241088.0,1,20250416_182908
9.97,1241088.0,1,20250511_211245
9.99,1241088.0,1,20250511_211256
10.01,1241088.0,1,20250511_211307
9.86,1240064.0,1,20250511_211318
9.94,1241088.0,1,20250511_211329
9.93,1241088.0,1,20250511_211340
9.9,1241088.0,1,20250511_211351
9.92,1241088.0,1,20250511_211402
10.05,1241088.0,1,20250511_211413
9.99,1241088.0,1,20250511_211424
9.78,1241088.0,1,20250516_065210
10.01,1241088.0,1,20250516_065221
9.82,1241088.0,1,20250516_065232
9.96,1241088.0,1,20250516_065243
9.85,1241088.0,1,20250516_065253
9.83,1241088.0,1,20250516_065304
9.84,1240064.0,1,20250516_065315
10.13,1241088.0,1,20250516_065326
9.82,1241088.0,1,20250516_065337
9.81,1241088.0,1,20250516_065348
8.63,1241088.0,1,20250519_122905
8.7,1241088.0,1,20250519_122914
8.73,1241088.0,1,20250519_122924
8.77,1241088.0,1,20250519_122934
8.71,1241088.0,1,20250519_122943
8.8,1241088.0,1,20250519_122953
8.77,1241088.0,1,20250519_123003
8.7,1241088.0,1,20250519_123012
8.71,1241088.0,1,20250519_123022
8.73,1241088.0,1,20250519_123032
