9.37,1241088.0,1,20250416_191114
9.44,1241088.0,1,20250416_191124
9.47,1241088.0,1,20250416_191135
9.42,1241088.0,1,20250416_191145
9.45,1241088.0,1,20250416_191156
9.41,1241088.0,1,20250416_191206
9.36,1241088.0,1,20250416_191216
9.47,1241088.0,1,20250416_191227
9.42,1241088.0,1,20250416_191237
9.41,1241088.0,1,20250416_191248
10.35,1241088.0,1,20250511_212418
10.35,1241088.0,1,20250511_212430
10.35,1241088.0,1,20250511_212441
10.38,1241088.0,1,20250511_212453
10.39,1241088.0,1,20250511_212504
10.39,1241088.0,1,20250511_212515
10.61,1241088.0,1,20250511_212527
10.55,1241088.0,1,20250511_212539
10.62,1241088.0,1,20250511_212550
10.68,1241088.0,1,20250511_212602
10.65,1241088.0,1,20250516_070558
10.41,1241088.0,1,20250516_070609
10.38,1241088.0,1,20250516_070621
10.52,1241088.0,1,20250516_070632
10.58,1241088.0,1,20250516_070644
10.39,1241088.0,1,20250516_070655
10.43,1241088.0,1,20250516_070706
10.54,1241088.0,1,20250516_070718
10.48,1241088.0,1,20250516_070729
10.57,1241088.0,1,20250516_070741
9.2,1241088.0,1,20250519_123953
9.14,1241088.0,1,20250519_124003
9.19,1241088.0,1,20250519_124013
9.15,1241088.0,1,20250519_124023
9.17,1241088.0,1,20250519_124033
9.12,1241088.0,1,20250519_124043
9.15,1241088.0,1,20250519_124053
9.32,1241088.0,1,20250519_124103
9.19,1241088.0,1,20250519_124113
9.32,1241088.0,1,20250519_124123
