9.49,1241088.0,1,20250416_182539
9.45,1241088.0,1,20250416_182549
9.49,1240064.0,1,20250416_182600
9.4,1241088.0,1,20250416_182610
9.54,1241088.0,1,20250416_182620
9.49,1241088.0,1,20250416_182631
9.45,1240064.0,1,20250416_182641
9.51,1241088.0,1,20250416_182652
9.52,1241088.0,1,20250416_182702
9.45,1241088.0,1,20250416_182713
10.12,1241088.0,1,20250511_211132
10.17,1241088.0,1,20250511_211143
10.36,1241088.0,1,20250511_211155
10.14,1241088.0,1,20250511_211206
10.2,1241088.0,1,20250511_211217
10.28,1241088.0,1,20250511_211228
10.15,1241088.0,1,20250511_211240
10.2,1241088.0,1,20250511_211251
10.18,1241088.0,1,20250511_211302
10.22,1241088.0,1,20250511_211313
10.18,1241088.0,1,20250516_065141
10.24,1241088.0,1,20250516_065152
10.1,1241088.0,1,20250516_065203
10.09,1241088.0,1,20250516_065214
10.23,1241088.0,1,20250516_065226
10.24,1241088.0,1,20250516_065237
10.13,1241088.0,1,20250516_065248
10.18,1241088.0,1,20250516_065259
10.1,1241088.0,1,20250516_065310
10.29,1241088.0,1,20250516_065321
9.12,1241088.0,1,20250519_122759
9.09,1241088.0,1,20250519_122809
9.16,1241088.0,1,20250519_122820
9.12,1241088.0,1,20250519_122830
9.2,1241088.0,1,20250519_122840
9.03,1241088.0,1,20250519_122850
9.05,1241088.0,1,20250519_122900
9.13,1241088.0,1,20250519_122910
9.31,1241088.0,1,20250519_122920
9.2,1241088.0,1,20250519_122930
