9.4,1241088.0,1,20250416_185333
9.41,1241088.0,1,20250416_185343
9.33,1241088.0,1,20250416_185353
9.34,1241088.0,1,20250416_185404
9.4,1241088.0,1,20250416_185414
9.4,1241088.0,1,20250416_185425
9.41,1241088.0,1,20250416_185435
9.46,1241088.0,1,20250416_185445
9.37,1241088.0,1,20250416_185456
9.42,1241088.0,1,20250416_185506
10.22,1241088.0,1,20250511_212308
10.14,1241088.0,1,20250511_212320
10.24,1241088.0,1,20250511_212331
10.12,1241088.0,1,20250511_212342
10.13,1241088.0,1,20250511_212353
10.2,1241088.0,1,20250511_212404
10.21,1241088.0,1,20250511_212415
10.17,1241088.0,1,20250511_212427
10.24,1241088.0,1,20250511_212438
10.27,1241088.0,1,20250511_212449
9.81,1241088.0,1,20250516_070505
9.87,1241088.0,1,20250516_070516
10.02,1241088.0,1,20250516_070527
9.96,1241088.0,1,20250516_070537
9.86,1241088.0,1,20250516_070548
9.84,1241088.0,1,20250516_070559
9.94,1241088.0,1,20250516_070610
9.95,1241088.0,1,20250516_070621
9.84,1241088.0,1,20250516_070632
9.89,1241088.0,1,20250516_070643
8.83,1240064.0,1,20250519_123830
8.88,1241088.0,1,20250519_123840
8.83,1241088.0,1,20250519_123849
8.78,1240064.0,1,20250519_123859
8.79,1241088.0,1,20250519_123909
9.05,1241088.0,1,20250519_123919
9.16,1241088.0,1,20250519_123929
9.12,1241088.0,1,20250519_123939
9.24,1241088.0,1,20250519_123949
9.22,1241088.0,1,20250519_123959
