9.43,1241088.0,1,20250416_182723
9.5,1241088.0,1,20250416_182734
9.46,1241088.0,1,20250416_182744
9.44,1241088.0,1,20250416_182754
9.39,1241088.0,1,20250416_182805
9.51,1241088.0,1,20250416_182815
9.59,1241088.0,1,20250416_182826
9.48,1241088.0,1,20250416_182836
9.38,1241088.0,1,20250416_182847
9.91,1241088.0,1,20250416_182858
10.18,1241088.0,1,20250511_211324
10.17,1241088.0,1,20250511_211336
10.07,1241088.0,1,20250511_211347
10.24,1241088.0,1,20250511_211358
10.18,1241088.0,1,20250511_211409
10.1,1241088.0,1,20250511_211420
10.32,1241088.0,1,20250511_211432
10.24,1241088.0,1,20250511_211443
10.21,1241088.0,1,20250511_211454
10.21,1241088.0,1,20250511_211505
10.16,1241088.0,1,20250516_065332
10.1,1241088.0,1,20250516_065344
10.15,1241088.0,1,20250516_065355
10.25,1241088.0,1,20250516_065406
10.18,1241088.0,1,20250516_065417
10.21,1241088.0,1,20250516_065428
10.08,1241088.0,1,20250516_065439
10.15,1241088.0,1,20250516_065451
9.87,1241088.0,1,20250516_065501
9.87,1241088.0,1,20250516_065512
9.01,1241088.0,1,20250519_122940
9.22,1241088.0,1,20250519_122950
9.14,1241088.0,1,20250519_123000
9.14,1241088.0,1,20250519_123010
9.26,1241088.0,1,20250519_123020
9.14,1241088.0,1,20250519_123030
9.03,1241088.0,1,20250519_123040
9.11,1241088.0,1,20250519_123050
9.05,1241088.0,1,20250519_123100
9.32,1241088.0,1,20250519_123110
