9.51,1241088.0,1,20250416_182919
9.44,1241088.0,1,20250416_182929
9.56,1240064.0,1,20250416_182939
9.49,1241088.0,1,20250416_182950
9.75,1241088.0,1,20250416_183001
9.41,1240064.0,1,20250416_183011
9.61,1241088.0,1,20250416_183022
9.43,1241088.0,1,20250416_183032
9.39,1241088.0,1,20250416_183043
9.4,1241088.0,1,20250416_183053
10.01,1241088.0,1,20250511_211435
10.03,1241088.0,1,20250511_211446
9.99,1241088.0,1,20250511_211457
10.02,1241088.0,1,20250511_211508
10.54,1241088.0,1,20250511_211519
9.99,1241088.0,1,20250511_211530
9.92,1241088.0,1,20250511_211541
10.01,1241088.0,1,20250511_211552
9.96,1241088.0,1,20250511_211603
10.0,1241088.0,1,20250511_211614
9.86,1241088.0,1,20250516_065358
9.85,1241088.0,1,20250516_065409
9.88,1241088.0,1,20250516_065420
9.87,1241088.0,1,20250516_065431
9.85,1241088.0,1,20250516_065442
10.27,1241088.0,1,20250516_065453
10.1,1241088.0,1,20250516_065504
10.19,1241088.0,1,20250516_065515
10.28,1241088.0,1,20250516_065526
10.25,1241088.0,1,20250516_065538
8.74,1241088.0,1,20250519_123041
8.76,1241088.0,1,20250519_123051
8.74,1241088.0,1,20250519_123101
8.75,1241088.0,1,20250519_123110
8.72,1241088.0,1,20250519_123120
8.62,1241088.0,1,20250519_123130
8.68,1241088.0,1,20250519_123139
8.69,1240064.0,1,20250519_123149
8.8,1241088.0,1,20250519_123159
8.71,1240064.0,1,20250519_123208
