9.33,1241088.0,1,20250416_190416
9.36,1241088.0,1,20250416_190426
9.41,1241088.0,1,20250416_190436
9.35,1241088.0,1,20250416_190447
9.39,1241088.0,1,20250416_190457
9.43,1241088.0,1,20250416_190507
10.78,1239040.0,1,20250416_190519
9.46,1241088.0,1,20250416_190530
9.88,1241088.0,1,20250416_190541
9.34,1241088.0,1,20250416_190551
10.25,1241088.0,1,20250511_211700
10.17,1241088.0,1,20250511_211711
10.1,1241088.0,1,20250511_211722
10.07,1240064.0,1,20250511_211733
10.28,1241088.0,1,20250511_211744
10.19,1241088.0,1,20250511_211755
10.15,1241088.0,1,20250511_211806
9.97,1241088.0,1,20250511_211817
9.88,1241088.0,1,20250511_211828
9.95,1241088.0,1,20250511_211839
10.34,1241088.0,1,20250516_065829
10.17,1241088.0,1,20250516_065840
10.19,1241088.0,1,20250516_065852
10.25,1241088.0,1,20250516_065903
10.3,1241088.0,1,20250516_065914
10.21,1241088.0,1,20250516_065925
10.2,1241088.0,1,20250516_065936
10.16,1241088.0,1,20250516_065948
10.25,1241088.0,1,20250516_065959
10.16,1241088.0,1,20250516_070010
8.99,1241088.0,1,20250519_123310
9.12,1241088.0,1,20250519_123320
9.28,1241088.0,1,20250519_123330
9.2,1241088.0,1,20250519_123340
9.27,1241088.0,1,20250519_123350
9.03,1241088.0,1,20250519_123400
8.97,1241088.0,1,20250519_123410
9.13,1241088.0,1,20250519_123420
9.15,1241088.0,1,20250519_123430
9.03,1241088.0,1,20250519_123440
