9.75,1241088.0,1,20250416_184505
9.45,1241088.0,1,20250416_184515
9.63,1241088.0,1,20250416_184526
9.41,1240064.0,1,20250416_184536
9.39,1240064.0,1,20250416_184547
9.46,1241088.0,1,20250416_184557
9.41,1241088.0,1,20250416_184608
9.46,1240064.0,1,20250416_184618
9.41,1241088.0,1,20250416_184629
9.33,1241088.0,1,20250416_184639
10.15,1241088.0,1,20250511_211349
10.04,1241088.0,1,20250511_211400
9.92,1240064.0,1,20250511_211411
9.99,1241088.0,1,20250511_211422
10.01,1241088.0,1,20250511_211433
9.96,1241088.0,1,20250511_211444
9.91,1241088.0,1,20250511_211455
9.99,1241088.0,1,20250511_211506
9.93,1241088.0,1,20250511_211517
10.02,1241088.0,1,20250511_211528
10.14,1241088.0,1,20250516_065621
10.13,1241088.0,1,20250516_065632
10.05,1241088.0,1,20250516_065643
10.17,1241088.0,1,20250516_065655
10.16,1241088.0,1,20250516_065706
10.15,1241088.0,1,20250516_065717
10.24,1241088.0,1,20250516_065728
10.13,1241088.0,1,20250516_065739
10.16,1241088.0,1,20250516_065750
10.19,1241088.0,1,20250516_065801
9.18,1241088.0,1,20250519_123053
9.18,1241088.0,1,20250519_123103
9.18,1241088.0,1,20250519_123113
9.12,1241088.0,1,20250519_123123
9.06,1241088.0,1,20250519_123133
9.11,1241088.0,1,20250519_123143
9.03,1241088.0,1,20250519_123153
9.27,1241088.0,1,20250519_123203
9.15,1241088.0,1,20250519_123213
9.18,1241088.0,1,20250519_123223
