9.38,1240064.0,1,20250416_184306
9.39,1241088.0,1,20250416_184316
9.34,1241088.0,1,20250416_184327
9.4,1240064.0,1,20250416_184337
9.47,1241088.0,1,20250416_184347
9.38,1241088.0,1,20250416_184358
9.43,1241088.0,1,20250416_184408
9.41,1241088.0,1,20250416_184419
9.4,1241088.0,1,20250416_184429
9.38,1241088.0,1,20250416_184439
10.24,1241088.0,1,20250511_211155
10.18,1241088.0,1,20250511_211206
10.14,1241088.0,1,20250511_211217
10.26,1241088.0,1,20250511_211228
10.16,1241088.0,1,20250511_211239
10.13,1241088.0,1,20250511_211251
10.25,1241088.0,1,20250511_211302
10.24,1241088.0,1,20250511_211313
10.13,1241088.0,1,20250511_211324
10.13,1241088.0,1,20250511_211335
9.97,1241088.0,1,20250516_065411
9.92,1241088.0,1,20250516_065421
10.1,1241088.0,1,20250516_065432
9.85,1241088.0,1,20250516_065443
9.77,1241088.0,1,20250516_065454
9.93,1241088.0,1,20250516_065505
10.28,1241088.0,1,20250516_065516
9.91,1241088.0,1,20250516_065527
10.13,1241088.0,1,20250516_065538
9.93,1241088.0,1,20250516_065549
8.81,1241088.0,1,20250519_122848
8.8,1241088.0,1,20250519_122858
8.77,1241088.0,1,20250519_122908
8.84,1241088.0,1,20250519_122918
8.72,1241088.0,1,20250519_122927
8.86,1240064.0,1,20250519_122937
8.76,1241088.0,1,20250519_122947
8.66,1241088.0,1,20250519_122956
8.74,1241088.0,1,20250519_123006
8.72,1241088.0,1,20250519_123016
