9.35,1241088.0,1,20250416_183434
9.4,1241088.0,1,20250416_183445
9.38,1241088.0,1,20250416_183455
9.38,1241088.0,1,20250416_183506
9.39,1241088.0,1,20250416_183516
9.39,1241088.0,1,20250416_183527
9.39,1241088.0,1,20250416_183537
9.5,1241088.0,1,20250416_183547
9.82,1241088.0,1,20250416_183558
9.48,1241088.0,1,20250416_183609
9.94,1241088.0,1,20250511_212003
10.03,1241088.0,1,20250511_212015
10.02,1241088.0,1,20250511_212026
10.03,1241088.0,1,20250511_212036
9.96,1241088.0,1,20250511_212047
10.06,1241088.0,1,20250511_212058
9.9,1241088.0,1,20250511_212109
10.02,1241088.0,1,20250511_212120
9.94,1241088.0,1,20250511_212131
9.83,1241088.0,1,20250511_212142
10.15,1241088.0,1,20250516_065932
10.12,1241088.0,1,20250516_065943
10.18,1241088.0,1,20250516_065954
10.15,1241088.0,1,20250516_070005
10.15,1241088.0,1,20250516_070016
10.05,1241088.0,1,20250516_070027
10.09,1241088.0,1,20250516_070038
10.22,1241088.0,1,20250516_070050
10.24,1241088.0,1,20250516_070101
10.19,1241088.0,1,20250516_070112
8.77,1241088.0,1,20250519_123532
8.73,1241088.0,1,20250519_123541
8.8,1241088.0,1,20250519_123551
8.77,1241088.0,1,20250519_123601
8.76,1241088.0,1,20250519_123611
8.8,1241088.0,1,20250519_123620
8.73,1241088.0,1,20250519_123630
8.79,1241088.0,1,20250519_123640
8.79,1241088.0,1,20250519_123650
8.79,1241088.0,1,20250519_123659
