9.67,1240064.0,1,20250416_185701
10.33,1241088.0,1,20250416_185713
9.47,1241088.0,1,20250416_185723
9.43,1241088.0,1,20250416_185734
9.42,1241088.0,1,20250416_185744
9.41,1241088.0,1,20250416_185755
9.42,1241088.0,1,20250416_185805
9.39,1241088.0,1,20250416_185815
9.48,1240064.0,1,20250416_185826
9.48,1241088.0,1,20250416_185836
9.27,1241088.0,1,20250418_015039
9.39,1241088.0,1,20250418_015049
9.32,1241088.0,1,20250418_015100
9.3,1241088.0,1,20250418_015110
9.32,1241088.0,1,20250418_015120
9.37,1241088.0,1,20250418_015130
9.34,1241088.0,1,20250418_015140
9.26,1241088.0,1,20250418_015151
9.36,1241088.0,1,20250418_015201
9.29,1241088.0,1,20250418_015211
