9.46,1240064.0,1,20250416_184320
9.45,1240064.0,1,20250416_184330
9.72,1241088.0,1,20250416_184341
9.4,1241088.0,1,20250416_184352
9.45,1241088.0,1,20250416_184402
9.38,1241088.0,1,20250416_184412
9.42,1241088.0,1,20250416_184423
9.42,1241088.0,1,20250416_184433
9.42,1241088.0,1,20250416_184444
9.43,1241088.0,1,20250416_184454
9.9,1241088.0,1,20250511_211159
9.95,1240064.0,1,20250511_211210
10.05,1241088.0,1,20250511_211221
9.97,1241088.0,1,20250511_211232
9.99,1240064.0,1,20250511_211243
10.06,1240064.0,1,20250511_211254
10.07,1241088.0,1,20250511_211305
9.99,1241088.0,1,20250511_211316
10.02,1241088.0,1,20250511_211327
10.1,1241088.0,1,20250511_211338
10.25,1241088.0,1,20250516_065430
10.2,1241088.0,1,20250516_065441
10.18,1241088.0,1,20250516_065452
10.24,1241088.0,1,20250516_065503
10.18,1241088.0,1,20250516_065514
10.28,1241088.0,1,20250516_065526
10.16,1241088.0,1,20250516_065537
10.19,1241088.0,1,20250516_065548
10.17,1241088.0,1,20250516_065559
10.21,1241088.0,1,20250516_065610
9.1,1241088.0,1,20250519_122912
9.18,1241088.0,1,20250519_122922
9.1,1241088.0,1,20250519_122932
9.09,1241088.0,1,20250519_122942
9.07,1241088.0,1,20250519_122952
9.32,1241088.0,1,20250519_123002
9.29,1241088.0,1,20250519_123012
9.2,1241088.0,1,20250519_123023
9.21,1241088.0,1,20250519_123033
9.07,1241088.0,1,20250519_123043
