74110.73,2831360.0,6,20250611_110358
76206.95,2833408.0,6,20250612_081450
80139.44,2809892.0,6,20250701_093643
82337.3,2812964.0,6,20250707_151819
88047.19,2815012.0,6,20250708_154808
87528.37,2822208.0,6,20250708_160946
82256.78,2810916.0,6,20250709_150206
84753.17,2832420.0,6,20250709_152243
75426.2,2809932.0,6,20250710_121331
80911.04,2834468.0,6,20250710_140629
79635.28,2811956.0,6,20250711_103315
80546.14,2829348.0,6,20250711_124014
80937.54,2833444.0,6,20250712_090557
83192.22,2830440.0,6,20250712_114750
80348.97,2836552.0,6,20250713_074054
80871.37,2832432.0,6,20250713_101800
