9.41,1241088.0,1,20250416_184636
9.38,1241088.0,1,20250416_184647
9.76,1241088.0,1,20250416_184657
9.78,1241088.0,1,20250416_184708
9.34,1241088.0,1,20250416_184718
9.45,1240064.0,1,20250416_184729
9.42,1241088.0,1,20250416_184739
9.46,1241088.0,1,20250416_184750
9.41,1241088.0,1,20250416_184800
9.37,1241088.0,1,20250416_184811
10.16,1241088.0,1,20250511_211539
10.33,1241088.0,1,20250511_211550
10.29,1241088.0,1,20250511_211602
10.39,1241088.0,1,20250511_211613
10.21,1241088.0,1,20250511_211624
10.32,1241088.0,1,20250511_211636
10.31,1241088.0,1,20250511_211647
10.2,1241088.0,1,20250511_211658
10.32,1241088.0,1,20250511_211709
10.4,1241088.0,1,20250511_211721
9.98,1241088.0,1,20250516_065750
9.97,1241088.0,1,20250516_065801
9.96,1241088.0,1,20250516_065812
9.92,1241088.0,1,20250516_065822
10.06,1241088.0,1,20250516_065833
10.0,1241088.0,1,20250516_065844
9.94,1241088.0,1,20250516_065855
9.97,1241088.0,1,20250516_065906
9.93,1241088.0,1,20250516_065917
9.99,1241088.0,1,20250516_065928
8.78,1241088.0,1,20250519_123202
8.8,1241088.0,1,20250519_123212
8.72,1241088.0,1,20250519_123222
8.73,1241088.0,1,20250519_123231
8.71,1241088.0,1,20250519_123241
8.75,1240064.0,1,20250519_123251
8.75,1241088.0,1,20250519_123300
8.81,1241088.0,1,20250519_123310
8.81,1241088.0,1,20250519_123320
8.74,1241088.0,1,20250519_123329
