9.42,1241088.0,1,20250416_183249
9.51,1240064.0,1,20250416_183259
9.43,1241088.0,1,20250416_183309
9.48,1240064.0,1,20250416_183320
9.4,1241088.0,1,20250416_183330
9.43,1241088.0,1,20250416_183341
9.45,1240064.0,1,20250416_183351
9.43,1240064.0,1,20250416_183401
10.35,1240064.0,1,20250416_183414
9.47,1241088.0,1,20250416_183424
9.96,1241088.0,1,20250511_211814
9.82,1241088.0,1,20250511_211825
9.87,1241088.0,1,20250511_211836
10.01,1241088.0,1,20250511_211847
9.91,1241088.0,1,20250511_211858
9.99,1241088.0,1,20250511_211909
9.98,1241088.0,1,20250511_211920
10.03,1241088.0,1,20250511_211931
9.93,1241088.0,1,20250511_211942
9.97,1241088.0,1,20250511_211953
10.17,1241088.0,1,20250516_065740
10.14,1241088.0,1,20250516_065751
10.11,1241088.0,1,20250516_065802
10.29,1241088.0,1,20250516_065814
10.17,1241088.0,1,20250516_065825
10.18,1241088.0,1,20250516_065836
10.14,1241088.0,1,20250516_065847
10.16,1241088.0,1,20250516_065858
10.16,1241088.0,1,20250516_065909
10.2,1241088.0,1,20250516_065921
8.8,1241088.0,1,20250519_123355
8.72,1241088.0,1,20250519_123405
8.72,1241088.0,1,20250519_123414
8.67,1241088.0,1,20250519_123424
8.77,1241088.0,1,20250519_123434
8.68,1241088.0,1,20250519_123443
8.82,1241088.0,1,20250519_123453
8.75,1240064.0,1,20250519_123503
8.69,1241088.0,1,20250519_123512
8.65,1241088.0,1,20250519_123522
