9.47,1240064.0,1,20250416_191057
9.44,1241088.0,1,20250416_191108
9.42,1241088.0,1,20250416_191118
9.33,1241088.0,1,20250416_191129
9.42,1241088.0,1,20250416_191139
9.33,1241088.0,1,20250416_191149
9.39,1241088.0,1,20250416_191200
9.34,1240064.0,1,20250416_191210
9.43,1241088.0,1,20250416_191221
9.41,1241088.0,1,20250416_191231
10.18,1241088.0,1,20250511_212447
10.26,1241088.0,1,20250511_212458
10.24,1241088.0,1,20250511_212509
10.22,1241088.0,1,20250511_212521
10.12,1241088.0,1,20250511_212532
10.31,1241088.0,1,20250511_212543
10.28,1241088.0,1,20250511_212555
10.27,1241088.0,1,20250511_212606
10.16,1241088.0,1,20250511_212617
10.12,1241088.0,1,20250511_212628
9.92,1241088.0,1,20250516_070611
10.0,1241088.0,1,20250516_070623
9.91,1241088.0,1,20250516_070633
9.82,1241088.0,1,20250516_070644
9.82,1241088.0,1,20250516_070655
9.94,1241088.0,1,20250516_070706
9.95,1241088.0,1,20250516_070717
9.86,1240064.0,1,20250516_070728
9.96,1241088.0,1,20250516_070739
9.87,1241088.0,1,20250516_070749
9.12,1241088.0,1,20250519_123940
9.1,1241088.0,1,20250519_123950
9.14,1240064.0,1,20250519_124000
9.16,1241088.0,1,20250519_124010
9.14,1241088.0,1,20250519_124020
9.08,1241088.0,1,20250519_124030
9.25,1241088.0,1,20250519_124041
9.03,1241088.0,1,20250519_124050
9.11,1241088.0,1,20250519_124101
9.08,1241088.0,1,20250519_124110
