9.29,1241088.0,1,20250416_184821
9.33,1241088.0,1,20250416_184831
9.42,1241088.0,1,20250416_184842
9.36,1241088.0,1,20250416_184852
9.4,1241088.0,1,20250416_184902
9.42,1241088.0,1,20250416_184913
9.41,1241088.0,1,20250416_184923
9.45,1241088.0,1,20250416_184934
9.39,1241088.0,1,20250416_184944
9.41,1241088.0,1,20250416_184954
10.1,1241088.0,1,20250511_211732
10.29,1241088.0,1,20250511_211743
10.2,1241088.0,1,20250511_211755
10.25,1241088.0,1,20250511_211806
10.1,1241088.0,1,20250511_211817
10.34,1241088.0,1,20250511_211828
10.19,1241088.0,1,20250511_211839
10.25,1241088.0,1,20250511_211851
10.35,1241088.0,1,20250511_211902
10.22,1241088.0,1,20250511_211913
9.91,1241088.0,1,20250516_065939
9.94,1241088.0,1,20250516_065950
9.87,1241088.0,1,20250516_070001
9.9,1241088.0,1,20250516_070012
10.12,1241088.0,1,20250516_070023
9.9,1241088.0,1,20250516_070033
9.88,1241088.0,1,20250516_070044
9.79,1241088.0,1,20250516_070055
9.94,1241088.0,1,20250516_070106
9.94,1241088.0,1,20250516_070117
8.75,1241088.0,1,20250519_123339
8.77,1241088.0,1,20250519_123349
8.7,1241088.0,1,20250519_123359
8.72,1241088.0,1,20250519_123408
8.72,1241088.0,1,20250519_123418
8.77,1241088.0,1,20250519_123427
8.78,1241088.0,1,20250519_123437
8.77,1241088.0,1,20250519_123447
8.82,1241088.0,1,20250519_123457
8.74,1241088.0,1,20250519_123506
