9.47,1241088.0,1,20250416_185149
9.33,1241088.0,1,20250416_185159
9.46,1241088.0,1,20250416_185210
9.36,1241088.0,1,20250416_185220
9.46,1241088.0,1,20250416_185230
9.39,1241088.0,1,20250416_185241
9.38,1241088.0,1,20250416_185251
9.39,1241088.0,1,20250416_185302
9.42,1241088.0,1,20250416_185312
9.43,1241088.0,1,20250416_185322
10.12,1241088.0,1,20250511_212116
10.21,1241088.0,1,20250511_212127
10.07,1241088.0,1,20250511_212138
10.14,1241088.0,1,20250511_212150
10.32,1241088.0,1,20250511_212201
10.41,1241088.0,1,20250511_212212
10.21,1241088.0,1,20250511_212223
10.21,1241088.0,1,20250511_212235
10.28,1241088.0,1,20250511_212246
10.23,1241088.0,1,20250511_212257
9.83,1240064.0,1,20250516_070316
9.89,1241088.0,1,20250516_070327
9.85,1241088.0,1,20250516_070338
10.01,1241088.0,1,20250516_070349
9.84,1241088.0,1,20250516_070400
9.88,1241088.0,1,20250516_070411
9.88,1241088.0,1,20250516_070421
9.91,1241088.0,1,20250516_070432
9.96,1241088.0,1,20250516_070443
9.87,1241088.0,1,20250516_070454
8.76,1241088.0,1,20250519_123653
8.67,1241088.0,1,20250519_123703
8.67,1241088.0,1,20250519_123712
8.85,1241088.0,1,20250519_123722
8.76,1241088.0,1,20250519_123732
8.75,1241088.0,1,20250519_123741
8.77,1241088.0,1,20250519_123751
8.74,1241088.0,1,20250519_123801
8.72,1241088.0,1,20250519_123810
8.81,1241088.0,1,20250519_123820
