9.4,1241088.0,1,20250416_182403
9.4,1241088.0,1,20250416_182414
9.46,1241088.0,1,20250416_182424
9.37,1240064.0,1,20250416_182434
9.43,1241088.0,1,20250416_182445
9.55,1241088.0,1,20250416_182455
9.48,1241088.0,1,20250416_182506
9.42,1241088.0,1,20250416_182516
9.39,1240064.0,1,20250416_182527
10.02,1241088.0,1,20250416_182538
9.52,1241088.0,1,20250511_210911
9.53,1241088.0,1,20250511_210922
9.54,1241088.0,1,20250511_210932
9.47,1241088.0,1,20250511_210943
9.65,1241088.0,1,20250511_210953
9.73,1241088.0,1,20250511_211004
9.65,1241088.0,1,20250511_211015
9.67,1241088.0,1,20250511_211025
9.69,1241088.0,1,20250511_211036
9.65,1241088.0,1,20250511_211046
9.79,1241088.0,1,20250516_064834
9.94,1241088.0,1,20250516_064845
9.73,1241088.0,1,20250516_064856
9.85,1241088.0,1,20250516_064906
9.9,1241088.0,1,20250516_064917
9.77,1241088.0,1,20250516_064928
9.83,1241088.0,1,20250516_064939
9.79,1241088.0,1,20250516_064949
9.87,1241088.0,1,20250516_065000
9.77,1241088.0,1,20250516_065011
8.85,1240064.0,1,20250519_122551
8.73,1241088.0,1,20250519_122601
8.76,1241088.0,1,20250519_122610
8.7,1241088.0,1,20250519_122620
8.73,1241088.0,1,20250519_122630
8.73,1241088.0,1,20250519_122639
8.84,1241088.0,1,20250519_122649
8.8,1241088.0,1,20250519_122659
8.71,1241088.0,1,20250519_122708
8.79,1241088.0,1,20250519_122718
