10.06,1241088.0,1,20250416_182209
10.02,1241088.0,1,20250416_182220
9.59,1241088.0,1,20250416_182230
9.45,1240064.0,1,20250416_182241
9.71,1241088.0,1,20250416_182251
9.43,1241088.0,1,20250416_182302
9.6,1241088.0,1,20250416_182312
9.43,1241088.0,1,20250416_182323
9.43,1241088.0,1,20250416_182333
9.52,1241088.0,1,20250416_182344
9.31,1241088.0,1,20250418_014717
9.29,1241088.0,1,20250418_014727
9.37,1241088.0,1,20250418_014737
9.32,1241088.0,1,20250418_014748
9.34,1241088.0,1,20250418_014758
9.3,1241088.0,1,20250418_014808
9.44,1240064.0,1,20250418_014818
9.36,1241088.0,1,20250418_014829
9.36,1241088.0,1,20250418_014839
9.31,1241088.0,1,20250418_014849
