9.46,1241088.0,1,20250416_185531
9.36,1241088.0,1,20250416_185542
9.42,1241088.0,1,20250416_185552
9.43,1240064.0,1,20250416_185603
9.49,1241088.0,1,20250416_185613
9.49,1241088.0,1,20250416_185623
9.45,1241088.0,1,20250416_185634
9.44,1240064.0,1,20250416_185644
9.45,1241088.0,1,20250416_185655
9.5,1241088.0,1,20250416_185705
9.68,1241088.0,1,20250511_210751
9.51,1241088.0,1,20250511_210801
9.61,1241088.0,1,20250511_210812
9.59,1241088.0,1,20250511_210822
9.74,1241088.0,1,20250511_210833
9.68,1241088.0,1,20250511_210843
9.68,1241088.0,1,20250511_210854
9.7,1241088.0,1,20250511_210905
9.56,1241088.0,1,20250511_210915
9.63,1241088.0,1,20250511_210926
9.87,1241088.0,1,20250516_064916
9.87,1241088.0,1,20250516_064927
9.81,1241088.0,1,20250516_064938
9.79,1241088.0,1,20250516_064949
9.85,1241088.0,1,20250516_064959
9.88,1241088.0,1,20250516_065010
9.9,1241088.0,1,20250516_065021
9.85,1241088.0,1,20250516_065032
9.84,1241088.0,1,20250516_065043
9.96,1241088.0,1,20250516_065054
8.8,1241088.0,1,20250519_122452
8.66,1241088.0,1,20250519_122502
8.78,1241088.0,1,20250519_122511
8.78,1241088.0,1,20250519_122521
8.68,1241088.0,1,20250519_122531
8.78,1241088.0,1,20250519_122540
8.77,1241088.0,1,20250519_122550
8.78,1240064.0,1,20250519_122600
8.71,1241088.0,1,20250519_122609
8.74,1240064.0,1,20250519_122619
