9.43,1241088.0,1,20250416_185019
9.47,1241088.0,1,20250416_185029
9.37,1241088.0,1,20250416_185039
9.45,1241088.0,1,20250416_185050
9.49,1241088.0,1,20250416_185100
9.41,1241088.0,1,20250416_185111
9.45,1241088.0,1,20250416_185121
9.37,1241088.0,1,20250416_185131
10.16,1241088.0,1,20250416_185143
9.4,1241088.0,1,20250416_185153
9.99,1241088.0,1,20250511_211918
10.08,1241088.0,1,20250511_211929
9.97,1240064.0,1,20250511_211940
9.94,1241088.0,1,20250511_211951
10.04,1241088.0,1,20250511_212002
9.95,1240064.0,1,20250511_212012
10.05,1241088.0,1,20250511_212024
9.88,1241088.0,1,20250511_212034
9.86,1241088.0,1,20250511_212045
9.98,1241088.0,1,20250511_212056
10.1,1241088.0,1,20250516_070155
10.05,1241088.0,1,20250516_070206
10.04,1241088.0,1,20250516_070217
10.13,1241088.0,1,20250516_070228
10.17,1241088.0,1,20250516_070239
10.11,1241088.0,1,20250516_070250
10.26,1241088.0,1,20250516_070302
10.13,1241088.0,1,20250516_070313
10.12,1241088.0,1,20250516_070324
10.1,1241088.0,1,20250516_070335
9.09,1241088.0,1,20250519_123554
9.05,1241088.0,1,20250519_123604
9.12,1241088.0,1,20250519_123614
9.33,1241088.0,1,20250519_123624
9.22,1241088.0,1,20250519_123635
9.22,1241088.0,1,20250519_123645
9.08,1241088.0,1,20250519_123655
9.08,1241088.0,1,20250519_123705
9.15,1241088.0,1,20250519_123715
9.1,1241088.0,1,20250519_123725
