9.39,1241088.0,1,20250416_183607
9.41,1241088.0,1,20250416_183618
9.39,1241088.0,1,20250416_183628
9.55,1241088.0,1,20250416_183639
9.53,1241088.0,1,20250416_183649
9.49,1241088.0,1,20250416_183700
9.44,1241088.0,1,20250416_183710
9.46,1241088.0,1,20250416_183721
9.41,1241088.0,1,20250416_183731
9.44,1241088.0,1,20250416_183741
10.24,1241088.0,1,20250511_212246
10.03,1240064.0,1,20250511_212257
10.15,1241088.0,1,20250511_212308
10.09,1241088.0,1,20250511_212319
10.27,1241088.0,1,20250511_212331
10.25,1241088.0,1,20250511_212342
10.21,1240064.0,1,20250511_212353
10.21,1241088.0,1,20250511_212404
10.11,1241088.0,1,20250511_212415
10.26,1241088.0,1,20250511_212427
9.89,1241088.0,1,20250516_070239
9.99,1241088.0,1,20250516_070250
9.75,1241088.0,1,20250516_070301
9.88,1241088.0,1,20250516_070312
9.83,1241088.0,1,20250516_070323
9.92,1241088.0,1,20250516_070334
9.89,1241088.0,1,20250516_070344
9.85,1241088.0,1,20250516_070355
9.78,1241088.0,1,20250516_070406
9.89,1241088.0,1,20250516_070417
9.17,1241088.0,1,20250519_123802
9.17,1241088.0,1,20250519_123813
9.18,1241088.0,1,20250519_123823
9.11,1241088.0,1,20250519_123833
9.2,1241088.0,1,20250519_123843
9.16,1241088.0,1,20250519_123853
9.2,1241088.0,1,20250519_123903
9.15,1241088.0,1,20250519_123913
9.15,1241088.0,1,20250519_123923
9.3,1241088.0,1,20250519_123933
