9.44,1241088.0,1,20250416_185005
9.37,1240064.0,1,20250416_185015
9.36,1241088.0,1,20250416_185025
9.4,1241088.0,1,20250416_185036
9.35,1241088.0,1,20250416_185046
9.39,1241088.0,1,20250416_185057
9.35,1241088.0,1,20250416_185107
9.4,1241088.0,1,20250416_185117
9.43,1241088.0,1,20250416_185128
9.4,1241088.0,1,20250416_185138
10.16,1240064.0,1,20250511_211924
10.15,1241088.0,1,20250511_211935
10.16,1241088.0,1,20250511_211947
10.16,1241088.0,1,20250511_211958
10.14,1241088.0,1,20250511_212009
10.09,1241088.0,1,20250511_212020
10.25,1241088.0,1,20250511_212031
10.14,1241088.0,1,20250511_212042
10.32,1241088.0,1,20250511_212054
10.23,1241088.0,1,20250511_212105
9.87,1241088.0,1,20250516_070128
9.9,1241088.0,1,20250516_070138
9.87,1241088.0,1,20250516_070149
10.1,1241088.0,1,20250516_070200
9.91,1241088.0,1,20250516_070211
9.88,1241088.0,1,20250516_070222
9.81,1241088.0,1,20250516_070233
9.88,1241088.0,1,20250516_070244
9.96,1241088.0,1,20250516_070255
9.96,1240064.0,1,20250516_070305
8.71,1241088.0,1,20250519_123516
8.75,1241088.0,1,20250519_123526
8.79,1240064.0,1,20250519_123535
8.78,1241088.0,1,20250519_123545
8.72,1241088.0,1,20250519_123555
8.88,1240064.0,1,20250519_123605
8.69,1241088.0,1,20250519_123614
8.84,1241088.0,1,20250519_123624
8.75,1241088.0,1,20250519_123634
8.73,1240064.0,1,20250519_123643
