9.44,1241088.0,1,20250416_183936
9.46,1241088.0,1,20250416_183947
9.4,1241088.0,1,20250416_183957
9.55,1241088.0,1,20250416_184008
9.62,1240064.0,1,20250416_184018
9.39,1241088.0,1,20250416_184029
9.45,1240064.0,1,20250416_184039
9.43,1240064.0,1,20250416_184050
9.36,1241088.0,1,20250416_184100
9.46,1241088.0,1,20250416_184111
9.7,1241088.0,1,20250511_210819
9.65,1241088.0,1,20250511_210830
9.67,1241088.0,1,20250511_210840
9.62,1241088.0,1,20250511_210851
9.64,1241088.0,1,20250511_210901
9.7,1241088.0,1,20250511_210912
9.62,1241088.0,1,20250511_210923
9.63,1241088.0,1,20250511_210933
9.67,1241088.0,1,20250511_210944
9.55,1241088.0,1,20250511_210954
9.95,1241088.0,1,20250516_065034
9.91,1241088.0,1,20250516_065045
9.94,1241088.0,1,20250516_065056
9.88,1241088.0,1,20250516_065107
9.88,1240064.0,1,20250516_065118
9.92,1241088.0,1,20250516_065128
9.82,1241088.0,1,20250516_065139
9.84,1241088.0,1,20250516_065150
9.96,1241088.0,1,20250516_065201
9.91,1241088.0,1,20250516_065212
8.79,1241088.0,1,20250519_122535
8.8,1241088.0,1,20250519_122545
8.79,1241088.0,1,20250519_122554
8.68,1241088.0,1,20250519_122604
8.73,1241088.0,1,20250519_122613
8.79,1241088.0,1,20250519_122623
8.78,1241088.0,1,20250519_122633
8.82,1241088.0,1,20250519_122643
8.74,1241088.0,1,20250519_122652
8.91,1241088.0,1,20250519_122702
