9.37,1241088.0,1,20250416_185203
9.45,1241088.0,1,20250416_185214
9.37,1241088.0,1,20250416_185224
9.4,1241088.0,1,20250416_185235
9.35,1241088.0,1,20250416_185245
9.42,1241088.0,1,20250416_185255
9.36,1241088.0,1,20250416_185306
9.41,1241088.0,1,20250416_185316
9.42,1241088.0,1,20250416_185327
9.37,1241088.0,1,20250416_185337
9.91,1241088.0,1,20250511_212107
9.88,1241088.0,1,20250511_212118
9.91,1241088.0,1,20250511_212129
9.96,1241088.0,1,20250511_212140
9.9,1241088.0,1,20250511_212151
9.92,1241088.0,1,20250511_212201
10.1,1241088.0,1,20250511_212213
10.02,1241088.0,1,20250511_212224
9.89,1240064.0,1,20250511_212234
9.96,1241088.0,1,20250511_212245
10.35,1241088.0,1,20250516_070346
10.42,1241088.0,1,20250516_070358
10.57,1241088.0,1,20250516_070409
10.46,1241088.0,1,20250516_070421
10.34,1241088.0,1,20250516_070432
10.54,1241088.0,1,20250516_070443
10.55,1240064.0,1,20250516_070455
10.42,1241088.0,1,20250516_070506
10.56,1241088.0,1,20250516_070518
10.5,1241088.0,1,20250516_070529
9.2,1241088.0,1,20250519_123735
9.01,1241088.0,1,20250519_123745
9.09,1241088.0,1,20250519_123755
9.3,1241088.0,1,20250519_123805
9.14,1241088.0,1,20250519_123815
9.15,1241088.0,1,20250519_123825
9.05,1241088.0,1,20250519_123835
9.14,1241088.0,1,20250519_123845
9.16,1241088.0,1,20250519_123855
9.18,1241088.0,1,20250519_123905
