9.47,1241088.0,1,20250416_190230
9.43,1241088.0,1,20250416_190240
9.4,1241088.0,1,20250416_190251
9.39,1241088.0,1,20250416_190301
10.8,1240064.0,1,20250416_190314
9.43,1241088.0,1,20250416_190324
9.34,1241088.0,1,20250416_190334
9.39,1241088.0,1,20250416_190345
9.3,1241088.0,1,20250416_190355
9.33,1241088.0,1,20250416_190405
10.09,1241088.0,1,20250511_211507
10.31,1241088.0,1,20250511_211518
10.33,1241088.0,1,20250511_211530
10.3,1241088.0,1,20250511_211541
10.29,1241088.0,1,20250511_211552
10.3,1241088.0,1,20250511_211603
10.25,1241088.0,1,20250511_211615
10.19,1241088.0,1,20250511_211626
10.24,1241088.0,1,20250511_211637
10.12,1240064.0,1,20250511_211648
10.16,1241088.0,1,20250516_065638
10.29,1241088.0,1,20250516_065649
10.11,1241088.0,1,20250516_065700
10.05,1241088.0,1,20250516_065711
10.14,1241088.0,1,20250516_065722
10.22,1241088.0,1,20250516_065733
10.18,1241088.0,1,20250516_065745
10.14,1241088.0,1,20250516_065756
10.15,1241088.0,1,20250516_065807
10.13,1241088.0,1,20250516_065818
9.09,1241088.0,1,20250519_123129
9.1,1241088.0,1,20250519_123139
9.19,1241088.0,1,20250519_123149
9.22,1240064.0,1,20250519_123159
9.23,1241088.0,1,20250519_123210
9.13,1241088.0,1,20250519_123220
9.15,1241088.0,1,20250519_123230
9.38,1241088.0,1,20250519_123240
9.15,1241088.0,1,20250519_123250
9.06,1241088.0,1,20250519_123300
