9.47,1241088.0,1,20250416_183619
9.63,1241088.0,1,20250416_183630
9.7,1241088.0,1,20250416_183640
9.81,1241088.0,1,20250416_183651
9.91,1241088.0,1,20250416_183702
9.79,1240064.0,1,20250416_183713
9.53,1241088.0,1,20250416_183723
9.49,1241088.0,1,20250416_183734
9.54,1241088.0,1,20250416_183744
9.54,1241088.0,1,20250416_183755
10.02,1241088.0,1,20250511_212153
9.99,1241088.0,1,20250511_212204
9.96,1241088.0,1,20250511_212215
10.09,1241088.0,1,20250511_212226
10.09,1241088.0,1,20250511_212237
9.92,1241088.0,1,20250511_212248
9.91,1241088.0,1,20250511_212259
9.99,1241088.0,1,20250511_212310
10.09,1241088.0,1,20250511_212321
9.97,1241088.0,1,20250511_212332
10.08,1241088.0,1,20250516_070123
10.19,1240064.0,1,20250516_070134
10.25,1241088.0,1,20250516_070145
10.14,1241088.0,1,20250516_070157
10.06,1241088.0,1,20250516_070208
10.31,1241088.0,1,20250516_070219
10.13,1241088.0,1,20250516_070230
10.18,1241088.0,1,20250516_070241
10.06,1241088.0,1,20250516_070252
10.18,1241088.0,1,20250516_070303
8.73,1241088.0,1,20250519_123709
8.76,1241088.0,1,20250519_123719
8.74,1241088.0,1,20250519_123728
8.77,1240064.0,1,20250519_123738
8.84,1240064.0,1,20250519_123748
8.77,1241088.0,1,20250519_123758
8.66,1241088.0,1,20250519_123807
8.75,1241088.0,1,20250519_123817
8.83,1241088.0,1,20250519_123827
8.73,1241088.0,1,20250519_123836
