9.7,1241088.0,1,20250416_183806
9.49,1241088.0,1,20250416_183816
9.74,1241088.0,1,20250416_183827
9.42,1241088.0,1,20250416_183837
9.56,1241088.0,1,20250416_183848
9.48,1241088.0,1,20250416_183858
9.5,1241088.0,1,20250416_183909
9.75,1241088.0,1,20250416_183919
9.67,1241088.0,1,20250416_183930
9.4,1239040.0,1,20250416_183940
8.75,1240064.0,1,20250511_210645
8.82,1240064.0,1,20250511_210655
8.84,1241088.0,1,20250511_210705
8.77,1241088.0,1,20250511_210714
8.85,1241088.0,1,20250511_210724
9.05,1241088.0,1,20250511_210734
9.14,1241088.0,1,20250511_210744
9.23,1241088.0,1,20250511_210754
9.37,1239040.0,1,20250511_210805
9.65,1241088.0,1,20250511_210815
9.82,1241088.0,1,20250516_064859
9.77,1241088.0,1,20250516_064910
9.79,1241088.0,1,20250516_064921
9.92,1241088.0,1,20250516_064932
9.89,1241088.0,1,20250516_064942
9.92,1241088.0,1,20250516_064953
9.86,1241088.0,1,20250516_065004
9.78,1241088.0,1,20250516_065015
9.93,1241088.0,1,20250516_065026
10.03,1241088.0,1,20250516_065037
8.83,1241088.0,1,20250519_122417
8.78,1241088.0,1,20250519_122426
8.7,1241088.0,1,20250519_122436
8.9,1241088.0,1,20250519_122446
8.75,1241088.0,1,20250519_122455
8.68,1241088.0,1,20250519_122505
8.74,1241088.0,1,20250519_122515
8.74,1241088.0,1,20250519_122524
8.8,1241088.0,1,20250519_122534
8.72,1241088.0,1,20250519_122544
