9.77,1240064.0,1,20250416_182217
10.78,1241088.0,1,20250416_182229
9.35,1241088.0,1,20250416_182240
9.39,1241088.0,1,20250416_182250
9.43,1241088.0,1,20250416_182300
9.46,1241088.0,1,20250416_182311
9.45,1240064.0,1,20250416_182321
9.49,1241088.0,1,20250416_182332
9.43,1241088.0,1,20250416_182342
9.46,1241088.0,1,20250416_182353
9.4,1241088.0,1,20250418_020048
9.38,1241088.0,1,20250418_020058
9.31,1241088.0,1,20250418_020108
9.36,1241088.0,1,20250418_020118
9.38,1241088.0,1,20250418_020129
9.42,1241088.0,1,20250418_020139
9.41,1241088.0,1,20250418_020149
9.41,1241088.0,1,20250418_020200
9.36,1241088.0,1,20250418_020210
9.42,1241088.0,1,20250418_020220
