9.46,1241088.0,1,20250416_185902
9.37,1241088.0,1,20250416_185912
9.44,1241088.0,1,20250416_185922
9.45,1241088.0,1,20250416_185933
9.39,1241088.0,1,20250416_185943
9.43,1240064.0,1,20250416_185954
9.46,1241088.0,1,20250416_190004
9.38,1241088.0,1,20250416_190015
9.43,1241088.0,1,20250416_190025
9.38,1241088.0,1,20250416_190035
10.13,1241088.0,1,20250511_211124
10.14,1241088.0,1,20250511_211135
10.29,1241088.0,1,20250511_211146
10.12,1240064.0,1,20250511_211157
10.25,1241088.0,1,20250511_211208
10.27,1241088.0,1,20250511_211220
10.13,1241088.0,1,20250511_211231
10.18,1241088.0,1,20250511_211242
10.12,1241088.0,1,20250511_211253
10.18,1241088.0,1,20250511_211304
10.3,1241088.0,1,20250516_065255
10.1,1241088.0,1,20250516_065306
10.31,1241088.0,1,20250516_065318
10.28,1241088.0,1,20250516_065329
10.16,1241088.0,1,20250516_065340
10.14,1240064.0,1,20250516_065351
10.16,1241088.0,1,20250516_065402
10.21,1241088.0,1,20250516_065413
10.12,1241088.0,1,20250516_065425
10.22,1241088.0,1,20250516_065436
9.2,1241088.0,1,20250519_122808
9.14,1241088.0,1,20250519_122818
9.05,1241088.0,1,20250519_122828
9.03,1241088.0,1,20250519_122838
9.16,1241088.0,1,20250519_122848
9.16,1241088.0,1,20250519_122858
9.19,1241088.0,1,20250519_122908
9.09,1241088.0,1,20250519_122918
9.07,1241088.0,1,20250519_122928
9.27,1241088.0,1,20250519_122939
