9.38,1241088.0,1,20250416_185347
9.36,1241088.0,1,20250416_185358
9.44,1241088.0,1,20250416_185408
9.4,1241088.0,1,20250416_185419
9.37,1241088.0,1,20250416_185429
9.44,1241088.0,1,20250416_185439
9.41,1241088.0,1,20250416_185450
9.38,1241088.0,1,20250416_185500
9.36,1241088.0,1,20250416_185510
9.56,1241088.0,1,20250416_185521
10.15,1241088.0,1,20250511_212257
9.99,1241088.0,1,20250511_212307
9.87,1241088.0,1,20250511_212318
9.97,1241088.0,1,20250511_212329
10.13,1241088.0,1,20250511_212340
10.09,1241088.0,1,20250511_212351
10.03,1241088.0,1,20250511_212402
10.19,1241088.0,1,20250511_212414
10.44,1240064.0,1,20250511_212425
10.37,1241088.0,1,20250511_212436
10.44,1241088.0,1,20250516_070541
10.4,1241088.0,1,20250516_070552
10.53,1241088.0,1,20250516_070604
10.44,1241088.0,1,20250516_070615
10.49,1241088.0,1,20250516_070627
10.44,1241088.0,1,20250516_070638
10.4,1241088.0,1,20250516_070649
10.49,1241088.0,1,20250516_070701
10.43,1241088.0,1,20250516_070712
10.58,1241088.0,1,20250516_070724
9.23,1241088.0,1,20250519_123915
9.14,1241088.0,1,20250519_123926
9.1,1241088.0,1,20250519_123936
9.11,1241088.0,1,20250519_123946
9.15,1241088.0,1,20250519_123956
9.29,1241088.0,1,20250519_124006
9.23,1241088.0,1,20250519_124016
9.12,1241088.0,1,20250519_124026
9.12,1241088.0,1,20250519_124036
9.1,1241088.0,1,20250519_124046
