9.38,1241088.0,1,20250416_190746
9.45,1241088.0,1,20250416_190756
9.4,1241088.0,1,20250416_190806
9.4,1241088.0,1,20250416_190817
9.42,1241088.0,1,20250416_190827
9.36,1241088.0,1,20250416_190838
9.44,1241088.0,1,20250416_190848
9.33,1241088.0,1,20250416_190858
9.4,1240064.0,1,20250416_190909
9.38,1241088.0,1,20250416_190919
10.05,1241088.0,1,20250511_212039
9.86,1241088.0,1,20250511_212050
10.02,1241088.0,1,20250511_212101
9.96,1241088.0,1,20250511_212112
10.06,1241088.0,1,20250511_212123
10.0,1241088.0,1,20250511_212134
9.94,1241088.0,1,20250511_212145
9.92,1241088.0,1,20250511_212156
9.91,1241088.0,1,20250511_212207
9.91,1240064.0,1,20250511_212218
10.08,1241088.0,1,20250516_070212
10.12,1241088.0,1,20250516_070223
10.08,1241088.0,1,20250516_070234
10.2,1241088.0,1,20250516_070245
10.14,1241088.0,1,20250516_070256
10.15,1241088.0,1,20250516_070307
10.1,1241088.0,1,20250516_070318
10.17,1241088.0,1,20250516_070329
10.13,1241088.0,1,20250516_070341
10.57,1241088.0,1,20250516_070352
9.19,1241088.0,1,20250519_123631
9.12,1241088.0,1,20250519_123641
9.05,1241088.0,1,20250519_123651
9.22,1241088.0,1,20250519_123701
9.18,1241088.0,1,20250519_123711
9.1,1241088.0,1,20250519_123721
9.13,1241088.0,1,20250519_123732
9.04,1241088.0,1,20250519_123742
9.28,1241088.0,1,20250519_123752
9.21,1241088.0,1,20250519_123802
