9.66,1241088.0,1,20250416_190216
9.53,1241088.0,1,20250416_190226
9.36,1241088.0,1,20250416_190237
9.45,1241088.0,1,20250416_190247
9.55,1241088.0,1,20250416_190258
9.5,1241088.0,1,20250416_190308
9.37,1241088.0,1,20250416_190319
9.49,1240064.0,1,20250416_190329
9.47,1240064.0,1,20250416_190339
9.39,1241088.0,1,20250416_190350
10.14,1241088.0,1,20250511_211527
10.25,1241088.0,1,20250511_211538
10.19,1241088.0,1,20250511_211550
10.19,1241088.0,1,20250511_211601
10.16,1241088.0,1,20250511_211612
10.2,1241088.0,1,20250511_211623
10.24,1241088.0,1,20250511_211634
10.18,1241088.0,1,20250511_211646
10.25,1241088.0,1,20250511_211657
10.25,1241088.0,1,20250511_211708
9.98,1240064.0,1,20250516_065707
9.8,1241088.0,1,20250516_065718
9.9,1241088.0,1,20250516_065729
9.86,1241088.0,1,20250516_065739
10.01,1241088.0,1,20250516_065750
10.04,1241088.0,1,20250516_065801
9.95,1241088.0,1,20250516_065812
10.03,1241088.0,1,20250516_065823
9.91,1241088.0,1,20250516_065834
9.94,1241088.0,1,20250516_065845
8.84,1241088.0,1,20250519_123135
8.79,1241088.0,1,20250519_123145
8.72,1241088.0,1,20250519_123154
8.8,1240064.0,1,20250519_123204
8.8,1241088.0,1,20250519_123214
8.7,1241088.0,1,20250519_123224
8.71,1241088.0,1,20250519_123233
8.81,1241088.0,1,20250519_123243
8.8,1241088.0,1,20250519_123253
8.9,1241088.0,1,20250519_123302
