9.51,1241088.0,1,20250416_183239
9.43,1240064.0,1,20250416_183249
9.41,1241088.0,1,20250416_183259
9.43,1241088.0,1,20250416_183310
9.52,1241088.0,1,20250416_183320
9.43,1241088.0,1,20250416_183331
9.45,1241088.0,1,20250416_183341
9.44,1241088.0,1,20250416_183351
9.48,1241088.0,1,20250416_183402
9.48,1241088.0,1,20250416_183412
10.18,1241088.0,1,20250511_211902
10.12,1241088.0,1,20250511_211913
10.15,1241088.0,1,20250511_211924
10.24,1241088.0,1,20250511_211935
10.13,1241088.0,1,20250511_211946
10.29,1241088.0,1,20250511_211958
10.21,1241088.0,1,20250511_212009
10.04,1241088.0,1,20250511_212020
10.14,1241088.0,1,20250511_212031
10.15,1241088.0,1,20250511_212042
9.93,1241088.0,1,20250516_065901
9.92,1241088.0,1,20250516_065912
9.9,1241088.0,1,20250516_065923
9.88,1241088.0,1,20250516_065934
9.92,1241088.0,1,20250516_065945
9.84,1241088.0,1,20250516_065955
9.83,1241088.0,1,20250516_070006
10.08,1241088.0,1,20250516_070017
10.07,1241088.0,1,20250516_070028
9.93,1241088.0,1,20250516_070039
9.09,1241088.0,1,20250519_123441
9.04,1241088.0,1,20250519_123451
9.09,1241088.0,1,20250519_123501
9.3,1241088.0,1,20250519_123511
9.2,1241088.0,1,20250519_123522
9.1,1241088.0,1,20250519_123532
9.21,1241088.0,1,20250519_123542
9.16,1241088.0,1,20250519_123552
9.14,1241088.0,1,20250519_123602
9.14,1241088.0,1,20250519_123612
