9.41,1241088.0,1,20250416_185516
9.46,1240064.0,1,20250416_185527
9.42,1241088.0,1,20250416_185537
9.41,1241088.0,1,20250416_185548
9.39,1241088.0,1,20250416_185558
9.42,1241088.0,1,20250416_185608
9.39,1241088.0,1,20250416_185619
9.48,1241088.0,1,20250416_185629
9.89,1241088.0,1,20250416_185640
9.41,1241088.0,1,20250416_185651
9.53,1241088.0,1,20250511_210814
9.45,1240064.0,1,20250511_210825
9.55,1241088.0,1,20250511_210835
9.46,1240064.0,1,20250511_210846
9.51,1241088.0,1,20250511_210856
9.58,1241088.0,1,20250511_210907
9.51,1241088.0,1,20250511_210917
9.46,1241088.0,1,20250511_210927
9.59,1241088.0,1,20250511_210938
9.59,1241088.0,1,20250511_210949
9.82,1241088.0,1,20250516_064952
9.91,1241088.0,1,20250516_065003
9.83,1241088.0,1,20250516_065013
9.88,1241088.0,1,20250516_065024
9.83,1241088.0,1,20250516_065035
9.77,1241088.0,1,20250516_065046
10.04,1241088.0,1,20250516_065057
9.92,1241088.0,1,20250516_065108
10.0,1241088.0,1,20250516_065119
9.96,1241088.0,1,20250516_065129
8.74,1241088.0,1,20250519_122507
8.74,1241088.0,1,20250519_122517
8.79,1241088.0,1,20250519_122526
8.86,1240064.0,1,20250519_122536
8.75,1241088.0,1,20250519_122546
8.84,1240064.0,1,20250519_122556
8.71,1241088.0,1,20250519_122605
8.79,1241088.0,1,20250519_122615
8.81,1241088.0,1,20250519_122625
8.83,1241088.0,1,20250519_122634
