9.47,1241088.0,1,20250416_183752
9.41,1241088.0,1,20250416_183802
9.42,1241088.0,1,20250416_183813
9.38,1241088.0,1,20250416_183823
9.5,1241088.0,1,20250416_183834
9.43,1241088.0,1,20250416_183844
9.44,1241088.0,1,20250416_183854
9.46,1241088.0,1,20250416_183905
9.43,1241088.0,1,20250416_183915
9.43,1241088.0,1,20250416_183926
9.53,1241088.0,1,20250511_210634
9.52,1241088.0,1,20250511_210645
9.63,1241088.0,1,20250511_210655
9.56,1241088.0,1,20250511_210706
9.6,1241088.0,1,20250511_210716
9.48,1241088.0,1,20250511_210727
9.66,1241088.0,1,20250511_210737
9.49,1241088.0,1,20250511_210748
9.54,1241088.0,1,20250511_210758
9.58,1241088.0,1,20250511_210809
9.89,1241088.0,1,20250516_064846
9.93,1241088.0,1,20250516_064857
9.79,1241088.0,1,20250516_064908
9.9,1241088.0,1,20250516_064918
9.76,1241088.0,1,20250516_064929
9.84,1241088.0,1,20250516_064940
9.83,1240064.0,1,20250516_064951
9.9,1241088.0,1,20250516_065001
9.9,1241088.0,1,20250516_065012
9.99,1240064.0,1,20250516_065023
8.75,1241088.0,1,20250519_122358
8.72,1241088.0,1,20250519_122408
8.75,1241088.0,1,20250519_122417
8.79,1241088.0,1,20250519_122427
8.7,1241088.0,1,20250519_122437
8.81,1241088.0,1,20250519_122446
8.77,1241088.0,1,20250519_122456
8.67,1241088.0,1,20250519_122506
8.87,1240064.0,1,20250519_122515
8.73,1241088.0,1,20250519_122525
