10.13,1241088.0,1,20250416_182029
11.85,1241088.0,1,20250416_182042
9.64,1241088.0,1,20250416_182053
9.66,1241088.0,1,20250416_182103
9.7,1241088.0,1,20250416_182114
9.83,1241088.0,1,20250416_182125
9.47,1241088.0,1,20250416_182135
9.54,1240064.0,1,20250416_182146
9.52,1241088.0,1,20250416_182156
9.49,1240064.0,1,20250416_182207
9.32,1241088.0,1,20250418_015816
9.38,1241088.0,1,20250418_015827
9.38,1241088.0,1,20250418_015837
9.29,1241088.0,1,20250418_015847
9.39,1241088.0,1,20250418_015858
9.43,1241088.0,1,20250418_015908
9.42,1241088.0,1,20250418_015918
9.38,1241088.0,1,20250418_015928
9.35,1241088.0,1,20250418_015939
9.47,1240064.0,1,20250418_015949
