9.36,1241088.0,1,20250416_190046
9.46,1241088.0,1,20250416_190056
9.47,1240064.0,1,20250416_190107
9.43,1241088.0,1,20250416_190117
9.46,1241088.0,1,20250416_190127
9.38,1240064.0,1,20250416_190138
9.4,1240064.0,1,20250416_190148
9.42,1241088.0,1,20250416_190158
9.4,1241088.0,1,20250416_190209
9.53,1241088.0,1,20250416_190219
10.11,1241088.0,1,20250511_211315
10.25,1241088.0,1,20250511_211326
10.17,1241088.0,1,20250511_211338
10.17,1241088.0,1,20250511_211349
10.27,1241088.0,1,20250511_211400
10.2,1241088.0,1,20250511_211411
10.16,1241088.0,1,20250511_211422
10.17,1241088.0,1,20250511_211433
10.25,1241088.0,1,20250511_211445
10.26,1241088.0,1,20250511_211456
10.11,1241088.0,1,20250516_065447
10.13,1241088.0,1,20250516_065458
10.19,1241088.0,1,20250516_065509
10.1,1241088.0,1,20250516_065520
10.2,1241088.0,1,20250516_065531
10.07,1241088.0,1,20250516_065542
10.14,1241088.0,1,20250516_065553
10.13,1240064.0,1,20250516_065605
10.12,1241088.0,1,20250516_065616
10.16,1241088.0,1,20250516_065627
9.21,1241088.0,1,20250519_122949
9.25,1241088.0,1,20250519_122959
9.09,1241088.0,1,20250519_123009
9.06,1241088.0,1,20250519_123019
9.24,1241088.0,1,20250519_123029
9.13,1241088.0,1,20250519_123039
9.19,1241088.0,1,20250519_123049
9.25,1241088.0,1,20250519_123059
9.25,1241088.0,1,20250519_123109
9.09,1241088.0,1,20250519_123119
