9.69,1241088.0,1,20250416_182021
9.36,1241088.0,1,20250416_182031
10.01,1241088.0,1,20250416_182042
9.63,1240064.0,1,20250416_182053
9.44,1241088.0,1,20250416_182103
9.43,1241088.0,1,20250416_182114
9.81,1240064.0,1,20250416_182124
10.61,1241088.0,1,20250416_182136
10.17,1241088.0,1,20250416_182147
9.46,1241088.0,1,20250416_182158
9.38,1241088.0,1,20250418_014406
9.44,1241088.0,1,20250418_014417
9.33,1241088.0,1,20250418_014427
9.27,1241088.0,1,20250418_014437
9.42,1241088.0,1,20250418_014447
9.33,1241088.0,1,20250418_014458
9.28,1241088.0,1,20250418_014508
9.39,1241088.0,1,20250418_014518
9.31,1241088.0,1,20250418_014528
9.36,1241088.0,1,20250418_014539
8.84,1241088.0,1,20250511_210614
8.8,1241088.0,1,20250511_210623
8.86,1241088.0,1,20250511_210633
9.7,1241088.0,1,20250511_210644
9.56,1241088.0,1,20250511_210654
9.49,1241088.0,1,20250511_210705
9.67,1241088.0,1,20250511_210715
9.66,1241088.0,1,20250511_210726
9.44,1241088.0,1,20250511_210736
9.59,1241088.0,1,20250511_210747
9.62,1241088.0,1,20250516_064619
9.64,1241088.0,1,20250516_064630
9.58,1241088.0,1,20250516_064640
9.64,1241088.0,1,20250516_064651
9.59,1241088.0,1,20250516_064701
9.55,1241088.0,1,20250516_064712
9.57,1240064.0,1,20250516_064722
9.64,1241088.0,1,20250516_064733
9.62,1241088.0,1,20250516_064743
9.7,1241088.0,1,20250516_064754
8.8,1241088.0,1,20250519_122307
8.81,1241088.0,1,20250519_122316
8.87,1241088.0,1,20250519_122326
8.79,1241088.0,1,20250519_122336
8.77,1241088.0,1,20250519_122346
8.74,1241088.0,1,20250519_122355
8.76,1241088.0,1,20250519_122405
8.78,1241088.0,1,20250519_122415
8.74,1241088.0,1,20250519_122424
8.71,1241088.0,1,20250519_122434
