9.52,1240064.0,1,20250416_182548
9.98,1241088.0,1,20250416_182559
9.43,1241088.0,1,20250416_182610
9.43,1241088.0,1,20250416_182620
9.44,1241088.0,1,20250416_182631
9.5,1241088.0,1,20250416_182641
9.42,1241088.0,1,20250416_182651
10.2,1241088.0,1,20250416_182703
9.41,1241088.0,1,20250416_182713
9.37,1241088.0,1,20250416_182724
9.68,1241088.0,1,20250511_211057
9.66,1241088.0,1,20250511_211108
9.71,1241088.0,1,20250511_211118
9.67,1240064.0,1,20250511_211129
9.68,1241088.0,1,20250511_211140
9.76,1241088.0,1,20250511_211150
9.9,1241088.0,1,20250511_211201
10.03,1241088.0,1,20250511_211212
9.95,1241088.0,1,20250511_211223
9.99,1241088.0,1,20250511_211234
9.91,1241088.0,1,20250516_065022
9.84,1241088.0,1,20250516_065032
9.84,1241088.0,1,20250516_065043
9.87,1241088.0,1,20250516_065054
9.98,1241088.0,1,20250516_065105
9.86,1241088.0,1,20250516_065116
9.88,1241088.0,1,20250516_065127
9.94,1241088.0,1,20250516_065137
9.99,1241088.0,1,20250516_065148
9.97,1241088.0,1,20250516_065159
8.72,1241088.0,1,20250519_122728
8.77,1241088.0,1,20250519_122737
8.8,1241088.0,1,20250519_122747
8.93,1241088.0,1,20250519_122757
8.83,1241088.0,1,20250519_122807
8.8,1241088.0,1,20250519_122816
8.73,1241088.0,1,20250519_122826
8.77,1241088.0,1,20250519_122836
8.9,1241088.0,1,20250519_122846
8.67,1241088.0,1,20250519_122855
