9.51,1241088.0,1,20250416_184834
9.41,1241088.0,1,20250416_184845
9.51,1241088.0,1,20250416_184855
9.45,1241088.0,1,20250416_184906
9.37,1241088.0,1,20250416_184916
9.39,1241088.0,1,20250416_184926
9.36,1241088.0,1,20250416_184937
9.49,1241088.0,1,20250416_184947
9.39,1241088.0,1,20250416_184958
9.42,1241088.0,1,20250416_185008
9.93,1241088.0,1,20250511_211728
9.89,1241088.0,1,20250511_211739
9.95,1240064.0,1,20250511_211750
10.01,1241088.0,1,20250511_211801
10.0,1241088.0,1,20250511_211812
10.0,1241088.0,1,20250511_211823
10.16,1241088.0,1,20250511_211834
9.94,1240064.0,1,20250511_211845
9.94,1241088.0,1,20250511_211856
9.95,1241088.0,1,20250511_211907
10.08,1241088.0,1,20250516_070004
10.2,1241088.0,1,20250516_070015
10.23,1241088.0,1,20250516_070026
10.24,1241088.0,1,20250516_070037
10.11,1241088.0,1,20250516_070048
10.22,1241088.0,1,20250516_070059
10.16,1241088.0,1,20250516_070110
10.18,1241088.0,1,20250516_070122
10.13,1241088.0,1,20250516_070133
10.21,1241088.0,1,20250516_070144
9.24,1241088.0,1,20250519_123414
9.23,1241088.0,1,20250519_123424
9.13,1241088.0,1,20250519_123434
9.15,1241088.0,1,20250519_123444
9.13,1241088.0,1,20250519_123454
9.1,1241088.0,1,20250519_123504
9.1,1241088.0,1,20250519_123514
9.12,1241088.0,1,20250519_123524
9.26,1241088.0,1,20250519_123534
9.09,1241088.0,1,20250519_123544
