9.67,1241088.0,1,20250416_182908
9.47,1240064.0,1,20250416_182919
9.56,1241088.0,1,20250416_182929
9.49,1241088.0,1,20250416_182940
9.59,1241088.0,1,20250416_182951
9.49,1241088.0,1,20250416_183001
9.48,1239040.0,1,20250416_183011
9.44,1240064.0,1,20250416_183022
9.5,1241088.0,1,20250416_183032
9.53,1241088.0,1,20250416_183043
10.39,1241088.0,1,20250511_211517
10.29,1241088.0,1,20250511_211528
10.26,1241088.0,1,20250511_211539
10.22,1241088.0,1,20250511_211550
10.24,1241088.0,1,20250511_211602
10.21,1240064.0,1,20250511_211613
10.23,1241088.0,1,20250511_211624
10.26,1241088.0,1,20250511_211635
10.3,1241088.0,1,20250511_211647
10.23,1241088.0,1,20250511_211658
10.03,1241088.0,1,20250516_065523
9.81,1241088.0,1,20250516_065534
9.82,1241088.0,1,20250516_065545
9.82,1241088.0,1,20250516_065556
9.88,1241088.0,1,20250516_065606
10.12,1241088.0,1,20250516_065618
10.11,1241088.0,1,20250516_065629
9.88,1241088.0,1,20250516_065639
9.84,1241088.0,1,20250516_065650
9.88,1241088.0,1,20250516_065701
9.23,1241088.0,1,20250519_123121
9.19,1241088.0,1,20250519_123131
9.05,1241088.0,1,20250519_123141
9.17,1241088.0,1,20250519_123151
9.17,1241088.0,1,20250519_123201
9.19,1241088.0,1,20250519_123211
9.26,1241088.0,1,20250519_123221
9.24,1241088.0,1,20250519_123231
9.01,1241088.0,1,20250519_123241
9.1,1241088.0,1,20250519_123251
