9.56,1241088.0,1,20250416_190544
9.44,1241088.0,1,20250416_190554
9.41,1241088.0,1,20250416_190605
9.51,1241088.0,1,20250416_190615
9.38,1241088.0,1,20250416_190626
9.43,1240064.0,1,20250416_190636
9.42,1241088.0,1,20250416_190646
9.4,1240064.0,1,20250416_190657
9.46,1241088.0,1,20250416_190708
9.52,1241088.0,1,20250416_190718
10.17,1241088.0,1,20250511_211911
10.24,1241088.0,1,20250511_211923
10.16,1241088.0,1,20250511_211934
10.23,1241088.0,1,20250511_211945
10.27,1241088.0,1,20250511_211956
10.04,1241088.0,1,20250511_212007
10.22,1241088.0,1,20250511_212018
10.25,1241088.0,1,20250511_212030
10.21,1241088.0,1,20250511_212041
10.26,1241088.0,1,20250511_212052
10.1,1241088.0,1,20250516_070045
9.93,1241088.0,1,20250516_070056
9.81,1241088.0,1,20250516_070107
9.9,1241088.0,1,20250516_070118
10.13,1241088.0,1,20250516_070129
10.0,1241088.0,1,20250516_070140
9.91,1241088.0,1,20250516_070151
9.87,1241088.0,1,20250516_070202
10.01,1241088.0,1,20250516_070213
9.92,1241088.0,1,20250516_070223
8.83,1241088.0,1,20250519_123449
8.75,1241088.0,1,20250519_123458
8.79,1241088.0,1,20250519_123508
8.71,1241088.0,1,20250519_123518
8.7,1241088.0,1,20250519_123527
8.74,1241088.0,1,20250519_123537
8.82,1241088.0,1,20250519_123547
8.75,1241088.0,1,20250519_123556
8.77,1241088.0,1,20250519_123606
8.7,1241088.0,1,20250519_123616
