40042.02,2623488.0,5,20250418_130217
46442.38,2633728.0,5,20250512_102420
40863.59,2627584.0,5,20250520_000335
41437.59,2631680.0,5,20250520_113831
44730.83,2633728.0,5,20250521_000507
42020.69,2631680.0,5,20250521_114906
44867.72,2629632.0,5,20250522_001802
42301.52,2629632.0,5,20250522_120409
43897.03,2634752.0,5,20250523_001832
43298.55,2629632.0,5,20250523_122201
43659.92,2627584.0,5,20250524_003102
45570.49,2634752.0,5,20250524_131525
41992.21,2630656.0,5,20250601_003749
41269.37,2636800.0,5,20250601_120833
