32480.41,1649664.0,5,20250417_073818
28509.85,1654784.0,5,20250417_153344
29906.82,1655808.0,5,20250421_035549
41330.74,1652736.0,5,20250421_152502
25720.44,1658880.0,5,20250608_171346
26129.5,1658880.0,5,20250609_003153
26204.88,1656832.0,5,20250609_075052
25898.86,1657856.0,5,20250609_150509
26544.84,1657856.0,5,20250609_222803
26476.83,1657856.0,5,20250610_054940
26238.44,1655808.0,5,20250610_130730
26433.22,1657856.0,5,20250610_202904
25823.86,1657856.0,5,20250611_034205
25952.39,1654784.0,5,20250611_105658
