16.68,1334272.0,1,20250416_183235
16.65,1334272.0,1,20250416_183252
16.7,1333248.0,1,20250416_183310
16.98,1334272.0,1,20250416_183328
16.97,1334272.0,1,20250416_183346
17.67,1334272.0,1,20250416_183405
16.82,1334272.0,1,20250416_183423
16.78,1334272.0,1,20250416_183441
16.88,1334272.0,1,20250416_183459
16.66,1334272.0,1,20250416_183517
16.07,1334272.0,1,20250511_210733
15.77,1334272.0,1,20250511_210750
16.09,1334272.0,1,20250511_210807
16.25,1334272.0,1,20250511_210824
16.38,1334272.0,1,20250511_210842
16.22,1334272.0,1,20250511_210859
16.04,1334272.0,1,20250511_210916
16.15,1334272.0,1,20250511_210933
16.18,1334272.0,1,20250511_210951
16.26,1334272.0,1,20250511_211008
16.04,1334272.0,1,20250516_064223
16.06,1334272.0,1,20250516_064240
16.08,1334272.0,1,20250516_064257
15.99,1334272.0,1,20250516_064314
16.0,1334272.0,1,20250516_064331
16.18,1334272.0,1,20250516_064349
16.08,1334272.0,1,20250516_064406
16.21,1333248.0,1,20250516_064423
16.17,1334272.0,1,20250516_064440
16.13,1334272.0,1,20250516_064457
15.96,1334272.0,1,20250523_172747
16.2,1334272.0,1,20250523_172805
16.48,1334272.0,1,20250523_172822
16.39,1334272.0,1,20250523_172840
16.33,1334272.0,1,20250523_172857
16.4,1334272.0,1,20250523_172915
16.32,1334272.0,1,20250523_172933
16.48,1334272.0,1,20250523_172950
16.2,1334272.0,1,20250523_173008
16.46,1334272.0,1,20250523_173025
