18163.07,3541776.0,8,20250422_175042
14345.29,3543308.0,8,20250706_203158
14339.85,3542996.0,8,20250707_003211
15479.68,3543368.0,8,20250707_045326
13932.83,3543328.0,8,20250707_084638
14487.51,3543320.0,8,20250707_124901
14998.43,3542288.0,8,20250707_165936
17702.59,3542784.0,8,20250707_215543
16145.69,3542760.0,8,20250708_022525
16280.46,3543380.0,8,20250708_065738
14039.51,3542796.0,8,20250712_130618
13586.49,3543352.0,8,20250712_165509
13715.38,3543268.0,8,20250712_204640
14156.66,3543404.0,8,20250713_004540
14992.22,3543344.0,8,20250713_045848
