16.85,1334272.0,1,20250416_183933
16.87,1334272.0,1,20250416_183951
16.79,1334272.0,1,20250416_184009
16.63,1334272.0,1,20250416_184027
16.84,1334272.0,1,20250416_184045
16.87,1334272.0,1,20250416_184103
16.61,1334272.0,1,20250416_184121
16.9,1333248.0,1,20250416_184139
16.63,1333248.0,1,20250416_184156
16.78,1334272.0,1,20250416_184214
15.18,1334272.0,1,20250511_210336
15.21,1334272.0,1,20250511_210353
15.22,1334272.0,1,20250511_210409
15.24,1334272.0,1,20250511_210425
15.35,1334272.0,1,20250511_210442
15.29,1334272.0,1,20250511_210458
15.28,1334272.0,1,20250511_210514
15.22,1334272.0,1,20250511_210531
15.19,1334272.0,1,20250511_210547
15.14,1334272.0,1,20250511_210603
16.33,1334272.0,1,20250516_064228
16.05,1334272.0,1,20250516_064245
16.08,1334272.0,1,20250516_064302
16.09,1334272.0,1,20250516_064319
15.97,1334272.0,1,20250516_064336
16.16,1334272.0,1,20250516_064354
16.14,1334272.0,1,20250516_064411
16.13,1334272.0,1,20250516_064428
16.04,1334272.0,1,20250516_064445
16.22,1334272.0,1,20250516_064502
16.93,1334272.0,1,20250524_150732
16.68,1334272.0,1,20250524_150750
16.62,1334272.0,1,20250524_150808
17.07,1334272.0,1,20250524_150826
16.7,1334272.0,1,20250524_150844
17.01,1334272.0,1,20250524_150902
16.89,1334272.0,1,20250524_150920
17.14,1334272.0,1,20250524_150938
17.09,1334272.0,1,20250524_150957
16.73,1334272.0,1,20250524_151014
