34838.95,3384320.0,2,20250417_081646
31439.43,3386368.0,2,20250417_170216
27079.6,3387392.0,2,20250418_085240
32658.87,3386368.0,2,20250419_011408
29476.66,3381248.0,2,20250419_092638
31129.3,3395584.0,2,20250419_180639
33875.08,3395584.0,2,20250420_033200
26976.32,3417088.0,2,20250602_164931
27197.04,3416064.0,2,20250603_002648
27076.26,3417088.0,2,20250603_080214
26988.27,3416064.0,2,20250603_153408
27208.62,3417088.0,2,20250603_231227
27063.58,3417088.0,2,20250604_064822
27157.96,3417088.0,2,20250604_142553
