16.66,1334272.0,1,20250416_182431
16.83,1334272.0,1,20250416_182449
16.87,1334272.0,1,20250416_182507
16.6,1334272.0,1,20250416_182525
16.9,1334272.0,1,20250416_182543
18.03,1334272.0,1,20250416_182603
18.53,1334272.0,1,20250416_182623
16.87,1334272.0,1,20250416_182641
16.63,1334272.0,1,20250416_182659
16.77,1334272.0,1,20250416_182717
15.99,1333248.0,1,20250511_210812
15.99,1334272.0,1,20250511_210829
16.01,1334272.0,1,20250511_210846
16.05,1334272.0,1,20250511_210903
16.04,1334272.0,1,20250511_210920
16.13,1334272.0,1,20250511_210937
16.09,1334272.0,1,20250511_210954
16.12,1334272.0,1,20250511_211011
16.09,1334272.0,1,20250511_211028
16.63,1334272.0,1,20250511_211046
16.23,1334272.0,1,20250516_064059
16.06,1334272.0,1,20250516_064116
16.2,1334272.0,1,20250516_064133
16.24,1334272.0,1,20250516_064150
15.92,1334272.0,1,20250516_064207
16.09,1334272.0,1,20250516_064225
15.99,1334272.0,1,20250516_064242
16.16,1334272.0,1,20250516_064259
16.09,1334272.0,1,20250516_064316
15.93,1334272.0,1,20250516_064333
15.9,1334272.0,1,20250523_131551
15.88,1334272.0,1,20250523_131608
15.85,1334272.0,1,20250523_131625
15.83,1334272.0,1,20250523_131642
16.03,1334272.0,1,20250523_131659
15.97,1334272.0,1,20250523_131716
15.86,1334272.0,1,20250523_131733
15.82,1334272.0,1,20250523_131750
16.04,1334272.0,1,20250523_131807
15.93,1334272.0,1,20250523_131824
