41410.83,2263856.0,8,20250420_021530
43150.27,2263112.0,8,20250420_141515
51040.72,2296640.0,8,20250708_061408
49941.88,2295728.0,8,20250708_200748
44703.22,2295768.0,8,20250709_083952
49997.34,2296248.0,8,20250709_223417
43429.46,2294776.0,8,20250710_104128
45003.24,2294972.0,8,20250710_231343
42836.11,2295784.0,8,20250711_111136
46815.88,2295868.0,8,20250712_001315
46531.81,2294796.0,8,20250712_131346
43321.96,2245492.0,8,20250713_060041
50391.4,2246376.0,8,20250713_200159
52202.98,2244848.0,8,20250714_103720
53253.96,2244748.0,8,20250715_012532
48861.64,2247084.0,8,20250715_150300
