16.93,1334272.0,1,20250416_184232
16.8,1334272.0,1,20250416_184250
16.89,1334272.0,1,20250416_184308
16.86,1334272.0,1,20250416_184326
16.65,1333248.0,1,20250416_184344
16.83,1334272.0,1,20250416_184402
16.85,1334272.0,1,20250416_184420
16.76,1334272.0,1,20250416_184438
16.81,1334272.0,1,20250416_184456
16.68,1334272.0,1,20250416_184513
15.25,1334272.0,1,20250511_210620
15.15,1334272.0,1,20250511_210636
15.25,1334272.0,1,20250511_210652
16.15,1334272.0,1,20250511_210709
15.24,1334272.0,1,20250511_210726
15.58,1334272.0,1,20250511_210742
15.78,1334272.0,1,20250511_210759
15.91,1334272.0,1,20250511_210816
15.95,1334272.0,1,20250511_210833
16.14,1334272.0,1,20250511_210850
16.01,1334272.0,1,20250516_064519
16.25,1334272.0,1,20250516_064537
16.13,1334272.0,1,20250516_064554
16.26,1334272.0,1,20250516_064611
16.15,1334272.0,1,20250516_064629
16.29,1334272.0,1,20250516_064646
16.29,1334272.0,1,20250516_064703
16.29,1334272.0,1,20250516_064721
16.4,1334272.0,1,20250516_064738
16.48,1334272.0,1,20250516_064756
16.81,1334272.0,1,20250524_151032
17.23,1334272.0,1,20250524_151051
16.87,1334272.0,1,20250524_151109
16.78,1334272.0,1,20250524_151127
17.01,1334272.0,1,20250524_151145
17.08,1334272.0,1,20250524_151203
16.73,1334272.0,1,20250524_151221
16.15,1334272.0,1,20250524_151239
16.13,1334272.0,1,20250524_151256
16.16,1334272.0,1,20250524_151313
