16.68,1334272.0,1,20250416_182931
17.01,1334272.0,1,20250416_182949
16.7,1334272.0,1,20250416_183007
17.38,1334272.0,1,20250416_183026
16.79,1334272.0,1,20250416_183044
19.12,1334272.0,1,20250416_183105
16.83,1334272.0,1,20250416_183123
16.82,1334272.0,1,20250416_183141
16.6,1334272.0,1,20250416_183159
16.79,1334272.0,1,20250416_183217
15.84,1334272.0,1,20250511_210443
15.85,1334272.0,1,20250511_210500
15.95,1334272.0,1,20250511_210517
15.77,1334272.0,1,20250511_210534
15.98,1334272.0,1,20250511_210551
15.79,1334272.0,1,20250511_210608
15.81,1334272.0,1,20250511_210625
16.09,1334272.0,1,20250511_210642
15.94,1334272.0,1,20250511_210659
15.97,1334272.0,1,20250511_210716
15.91,1334272.0,1,20250516_063932
15.75,1334272.0,1,20250516_063948
15.85,1334272.0,1,20250516_064005
16.09,1334272.0,1,20250516_064022
16.07,1334272.0,1,20250516_064040
16.32,1334272.0,1,20250516_064057
15.9,1334272.0,1,20250516_064114
16.21,1334272.0,1,20250516_064131
16.03,1334272.0,1,20250516_064148
16.26,1334272.0,1,20250516_064206
16.68,1334272.0,1,20250523_172453
16.42,1334272.0,1,20250523_172511
16.32,1334272.0,1,20250523_172528
16.37,1334272.0,1,20250523_172546
16.26,1334272.0,1,20250523_172603
16.24,1334272.0,1,20250523_172621
16.35,1334272.0,1,20250523_172638
16.12,1334272.0,1,20250523_172656
16.0,1334272.0,1,20250523_172713
16.22,1334272.0,1,20250523_172730
