24251.86,4301456.0,13,20250421_234031
20918.74,4302860.0,13,20250512_030049
19516.34,4302860.0,13,20250512_082746
19485.6,4302644.0,13,20250512_135302
18097.99,4302860.0,13,20250524_201726
18394.84,4302860.0,13,20250525_012754
22870.79,4303628.0,13,20250706_225346
21560.04,4302000.0,13,20250707_045435
19656.02,4302656.0,13,20250707_102323
20342.92,4302944.0,13,20250707_160351
23971.21,4303636.0,13,20250707_224412
22403.3,4300072.0,13,20250708_045831
20285.99,4302284.0,13,20250710_175031
20037.11,4302888.0,13,20250710_232814
19247.33,4302944.0,13,20250711_045314
