17.02,1334272.0,1,20250416_181829
16.87,1334272.0,1,20250416_181847
16.62,1334272.0,1,20250416_181904
16.97,1334272.0,1,20250416_181922
16.68,1334272.0,1,20250416_181940
17.12,1333248.0,1,20250416_181959
17.02,1334272.0,1,20250416_182017
17.2,1334272.0,1,20250416_182035
17.17,1334272.0,1,20250416_182053
17.04,1334272.0,1,20250416_182111
15.85,1334272.0,1,20250511_210232
15.76,1334272.0,1,20250511_210249
15.88,1334272.0,1,20250511_210306
16.06,1334272.0,1,20250511_210323
15.93,1334272.0,1,20250511_210340
15.81,1334272.0,1,20250511_210357
15.65,1334272.0,1,20250511_210414
15.97,1334272.0,1,20250511_210431
15.87,1334272.0,1,20250511_210448
15.94,1334272.0,1,20250511_210505
15.39,1332224.0,1,20250516_063523
15.32,1334272.0,1,20250516_063540
15.17,1334272.0,1,20250516_063556
15.51,1333248.0,1,20250516_063612
15.67,1334272.0,1,20250516_063629
15.78,1334272.0,1,20250516_063646
15.73,1334272.0,1,20250516_063703
15.63,1334272.0,1,20250516_063719
15.59,1334272.0,1,20250516_063736
15.79,1333248.0,1,20250516_063753
16.01,1334272.0,1,20250523_131011
15.97,1333248.0,1,20250523_131028
15.84,1334272.0,1,20250523_131045
15.95,1334272.0,1,20250523_131102
15.94,1334272.0,1,20250523_131119
15.96,1333248.0,1,20250523_131136
16.18,1334272.0,1,20250523_131153
15.95,1334272.0,1,20250523_131210
15.83,1334272.0,1,20250523_131227
15.89,1334272.0,1,20250523_131244
