34928.14,4422656.0,2,20250422_023342
28558.86,4448256.0,2,20250512_050734
29066.43,4449280.0,2,20250512_131312
27730.53,4450304.0,2,20250523_210313
26736.17,4452352.0,2,20250524_043452
26669.82,4452352.0,2,20250524_120527
27141.41,4449280.0,2,20250524_193955
25816.79,4452352.0,2,20250525_025552
24412.12,4448256.0,2,20250526_110441
24133.47,4450304.0,2,20250526_175034
24112.61,4448256.0,2,20250527_003649
23903.95,4448256.0,2,20250527_071956
23808.25,4452352.0,2,20250527_135835
24158.8,4453376.0,2,20250528_025450
24371.21,4446208.0,2,20250531_194348
24353.06,4453376.0,2,20250601_023329
24367.59,4452352.0,2,20250601_092210
