16.93,1334272.0,1,20250416_181724
16.71,1334272.0,1,20250416_181742
16.82,1334272.0,1,20250416_181800
16.85,1334272.0,1,20250416_181818
16.79,1334272.0,1,20250416_181836
16.94,1334272.0,1,20250416_181854
18.21,1334272.0,1,20250416_181913
16.86,1334272.0,1,20250416_181931
16.89,1334272.0,1,20250416_181949
17.09,1334272.0,1,20250416_182008
15.31,1334272.0,1,20250511_210248
15.2,1334272.0,1,20250511_210304
15.27,1334272.0,1,20250511_210321
15.25,1334272.0,1,20250511_210337
15.06,1334272.0,1,20250511_210353
15.04,1334272.0,1,20250511_210409
15.24,1334272.0,1,20250511_210426
15.14,1334272.0,1,20250511_210442
15.03,1334272.0,1,20250511_210458
15.31,1334272.0,1,20250511_210514
15.1,1334272.0,1,20250516_063459
15.27,1334272.0,1,20250516_063515
15.14,1334272.0,1,20250516_063531
15.2,1334272.0,1,20250516_063548
15.34,1334272.0,1,20250516_063604
15.07,1334272.0,1,20250516_063620
15.25,1334272.0,1,20250516_063636
15.08,1334272.0,1,20250516_063652
15.12,1334272.0,1,20250516_063709
15.1,1334272.0,1,20250516_063725
15.89,1334272.0,1,20250523_130940
15.82,1333248.0,1,20250523_130957
15.97,1334272.0,1,20250523_131014
16.0,1334272.0,1,20250523_131031
15.86,1334272.0,1,20250523_131048
15.77,1334272.0,1,20250523_131105
15.86,1334272.0,1,20250523_131122
15.97,1333248.0,1,20250523_131139
15.83,1334272.0,1,20250523_131156
15.95,1334272.0,1,20250523_131213
