17.28,1334272.0,1,20250416_183334
16.95,1334272.0,1,20250416_183353
16.77,1334272.0,1,20250416_183410
16.54,1334272.0,1,20250416_183428
16.81,1334272.0,1,20250416_183446
16.8,1334272.0,1,20250416_183504
16.75,1334272.0,1,20250416_183522
16.78,1334272.0,1,20250416_183540
16.82,1333248.0,1,20250416_183558
16.72,1333248.0,1,20250416_183615
15.34,1334272.0,1,20250511_210735
15.65,1334272.0,1,20250511_210752
15.7,1334272.0,1,20250511_210809
15.94,1334272.0,1,20250511_210826
16.09,1334272.0,1,20250511_210843
16.11,1334272.0,1,20250511_210900
16.02,1334272.0,1,20250511_210918
15.94,1334272.0,1,20250511_210935
16.11,1334272.0,1,20250511_210952
16.24,1334272.0,1,20250511_211009
15.98,1334272.0,1,20250516_064159
15.83,1334272.0,1,20250516_064216
15.96,1334272.0,1,20250516_064233
15.97,1334272.0,1,20250516_064250
16.05,1334272.0,1,20250516_064307
16.0,1334272.0,1,20250516_064324
16.04,1334272.0,1,20250516_064342
16.06,1334272.0,1,20250516_064359
16.17,1334272.0,1,20250516_064416
16.24,1334272.0,1,20250516_064433
16.11,1334272.0,1,20250523_172813
15.74,1334272.0,1,20250523_172830
15.98,1334272.0,1,20250523_172847
15.91,1334272.0,1,20250523_172904
15.93,1334272.0,1,20250523_172921
15.9,1334272.0,1,20250523_172938
15.99,1334272.0,1,20250523_172955
15.74,1334272.0,1,20250523_173012
15.87,1334272.0,1,20250523_173029
16.07,1334272.0,1,20250523_173046
