30819.73,2508432.0,5,20250630_015627
34629.76,2508044.0,5,20250708_014007
30584.61,2508088.0,5,20250708_101102
33418.07,2508164.0,5,20250708_192903
31021.89,2508136.0,5,20250709_041123
30471.66,2508856.0,5,20250709_124431
30185.5,2508572.0,5,20250709_211249
28339.2,2508156.0,5,20250710_050757
26395.86,2506476.0,5,20250710_123118
30048.76,2507152.0,5,20250710_205713
30937.33,2508568.0,5,20250711_141903
29937.78,2508124.0,5,20250711_224000
30152.5,2508152.0,5,20250712_070701
30148.59,2508140.0,5,20250712_153039
30802.36,2508180.0,5,20250713_000505
29229.4,2508128.0,5,20250713_081325
32039.09,2508128.0,5,20250713_170822
33252.43,2508132.0,5,20250714_022331
34574.85,2507408.0,5,20250714_120128
33914.69,2508148.0,5,20250714_212741
