59.38,4882432.0,2,20250420_192032
54.1,4883456.0,2,20250420_192129
60.52,4882432.0,2,20250420_192234
68.54,4882432.0,2,20250420_192347
67.6,4883456.0,2,20250420_192459
67.59,4882432.0,2,20250421_111241
83.0,4883456.0,2,20250421_111409
81.07,4882432.0,2,20250421_111535
67.37,4883456.0,2,20250421_111647
68.09,4883456.0,2,20250421_111800
70.41,4883456.0,2,20250421_111915
67.82,4883456.0,2,20250421_112027
68.16,4882432.0,2,20250421_112140
67.75,4883456.0,2,20250421_112253
67.89,4882432.0,2,20250421_112406
50.76,4883572.0,2,20250701_060136
51.0,4883492.0,2,20250701_060231
50.87,4883544.0,2,20250701_060326
50.74,4883492.0,2,20250701_060421
50.81,4883492.0,2,20250701_060516
51.01,4883528.0,2,20250701_060611
51.31,4883492.0,2,20250701_060706
52.34,4882468.0,2,20250701_060803
52.68,4883492.0,2,20250701_060900
52.47,4882460.0,2,20250701_060956
52.51,4882468.0,2,20250701_061052
