16.85,1334272.0,1,20250416_183836
17.02,1333248.0,1,20250416_183854
16.81,1334272.0,1,20250416_183912
16.88,1334272.0,1,20250416_183930
17.3,1334272.0,1,20250416_183949
18.87,1334272.0,1,20250416_184009
17.12,1334272.0,1,20250416_184027
16.82,1334272.0,1,20250416_184045
17.13,1332224.0,1,20250416_184103
19.2,1334272.0,1,20250416_184124
15.76,1334272.0,1,20250511_210358
15.85,1334272.0,1,20250511_210415
15.94,1334272.0,1,20250511_210432
15.93,1334272.0,1,20250511_210449
15.81,1334272.0,1,20250511_210506
15.89,1334272.0,1,20250511_210523
15.8,1334272.0,1,20250511_210540
15.77,1334272.0,1,20250511_210556
15.8,1334272.0,1,20250511_210613
15.96,1334272.0,1,20250511_210630
15.9,1334272.0,1,20250516_064138
15.94,1334272.0,1,20250516_064155
15.98,1334272.0,1,20250516_064212
15.99,1334272.0,1,20250516_064229
15.84,1334272.0,1,20250516_064246
15.75,1334272.0,1,20250516_064303
15.96,1334272.0,1,20250516_064320
16.02,1334272.0,1,20250516_064337
16.04,1334272.0,1,20250516_064354
16.23,1334272.0,1,20250516_064412
16.18,1334272.0,1,20250524_150748
16.08,1334272.0,1,20250524_150805
16.21,1334272.0,1,20250524_150822
15.96,1334272.0,1,20250524_150839
16.38,1334272.0,1,20250524_150857
16.24,1334272.0,1,20250524_150914
16.24,1334272.0,1,20250524_150932
16.27,1334272.0,1,20250524_150949
16.11,1334272.0,1,20250524_151006
16.11,1334272.0,1,20250524_151024
