29135.81,2751092.0,4,20250423_095115
20782.51,2751616.0,4,20250426_045415
25327.35,2751212.0,4,20250706_232706
27647.22,2751176.0,4,20250707_070833
23129.36,2751164.0,4,20250707_133459
28398.1,2751344.0,4,20250707_212906
27021.76,2750760.0,4,20250708_050018
25948.16,2751132.0,4,20250708_121323
27875.09,2751212.0,4,20250708_195835
23634.7,2751124.0,4,20250709_023646
24175.26,2751132.0,4,20250709_092406
29566.6,2751124.0,4,20250714_131841
27771.79,2751152.0,4,20250714_210225
26359.3,2751132.0,4,20250715_042237
25803.77,2751132.0,4,20250715_113320
25192.3,2750592.0,4,20250715_183357
24279.49,2751168.0,4,20250716_011911
24966.73,2751080.0,4,20250716_081810
25015.32,2751132.0,4,20250716_151552
24123.13,2751160.0,4,20250716_215855
