16.97,1334272.0,1,20250416_183535
16.7,1334272.0,1,20250416_183553
16.83,1334272.0,1,20250416_183611
17.13,1334272.0,1,20250416_183630
16.82,1334272.0,1,20250416_183648
16.97,1334272.0,1,20250416_183706
17.01,1333248.0,1,20250416_183724
17.42,1334272.0,1,20250416_183742
16.75,1334272.0,1,20250416_183800
16.84,1334272.0,1,20250416_183818
15.7,1334272.0,1,20250511_210110
15.33,1334272.0,1,20250511_210127
15.61,1334272.0,1,20250511_210143
15.84,1334272.0,1,20250511_210200
15.56,1334272.0,1,20250511_210217
16.02,1334272.0,1,20250511_210234
15.71,1334272.0,1,20250511_210251
15.67,1334272.0,1,20250511_210307
15.82,1334272.0,1,20250511_210324
16.1,1334272.0,1,20250511_210341
15.31,1334272.0,1,20250516_063854
15.26,1334272.0,1,20250516_063911
15.34,1334272.0,1,20250516_063927
15.15,1334272.0,1,20250516_063943
15.12,1334272.0,1,20250516_063959
15.27,1334272.0,1,20250516_064016
15.31,1334272.0,1,20250516_064032
15.29,1334272.0,1,20250516_064048
15.25,1334272.0,1,20250516_064105
15.42,1334272.0,1,20250516_064121
16.18,1334272.0,1,20250524_150455
16.18,1334272.0,1,20250524_150512
16.04,1334272.0,1,20250524_150529
16.12,1334272.0,1,20250524_150546
16.43,1334272.0,1,20250524_150604
16.02,1334272.0,1,20250524_150621
16.18,1334272.0,1,20250524_150638
16.17,1334272.0,1,20250524_150656
16.4,1334272.0,1,20250524_150713
16.12,1334272.0,1,20250524_150730
