16.67,1334272.0,1,20250416_182025
16.8,1334272.0,1,20250416_182043
16.96,1333248.0,1,20250416_182102
17.07,1334272.0,1,20250416_182120
16.64,1333248.0,1,20250416_182138
16.95,1334272.0,1,20250416_182156
16.69,1334272.0,1,20250416_182213
16.92,1334272.0,1,20250416_182232
16.77,1334272.0,1,20250416_182249
16.64,1333248.0,1,20250416_182307
15.27,1334272.0,1,20250511_210531
15.01,1334272.0,1,20250511_210547
15.05,1334272.0,1,20250511_210603
15.18,1334272.0,1,20250511_210619
15.21,1334272.0,1,20250511_210636
15.15,1334272.0,1,20250511_210652
15.21,1334272.0,1,20250511_210708
15.4,1334272.0,1,20250511_210724
15.58,1333248.0,1,20250511_210741
15.83,1334272.0,1,20250511_210758
15.34,1334272.0,1,20250516_063741
15.16,1334272.0,1,20250516_063757
15.25,1334272.0,1,20250516_063814
15.32,1334272.0,1,20250516_063830
15.07,1334272.0,1,20250516_063846
15.28,1334272.0,1,20250516_063902
15.07,1334272.0,1,20250516_063918
15.3,1334272.0,1,20250516_063935
15.14,1334272.0,1,20250516_063951
15.27,1334272.0,1,20250516_064007
15.76,1334272.0,1,20250523_131229
16.07,1334272.0,1,20250523_131247
15.86,1334272.0,1,20250523_131304
16.0,1334272.0,1,20250523_131321
16.02,1334272.0,1,20250523_131338
15.96,1334272.0,1,20250523_131355
15.98,1334272.0,1,20250523_131412
15.99,1334272.0,1,20250523_131429
16.15,1334272.0,1,20250523_131447
16.02,1334272.0,1,20250523_131504
