47411.28,4285228.0,3,20250422_060555
28654.84,4287244.0,3,20250512_051240
29367.68,4287304.0,3,20250512_132312
27362.28,4287184.0,3,20250523_205519
24518.5,4287256.0,3,20250524_034724
24688.98,4287304.0,3,20250524_104243
27348.38,4287304.0,3,20250524_182022
28865.44,4287304.0,3,20250525_022641
25930.23,4287308.0,3,20250703_165354
26267.42,4287340.0,3,20250704_001249
25765.41,4287324.0,3,20250704_072741
27053.23,4287340.0,3,20250704_145954
26683.53,4287280.0,3,20250704_222606
25587.39,4287352.0,3,20250705_053534
26767.54,4287312.0,3,20250705_130452
27481.97,4287292.0,3,20250705_204540
26352.18,4287332.0,3,20250706_131422
