16.7,1333248.0,1,20250416_183034
17.02,1334272.0,1,20250416_183052
16.73,1334272.0,1,20250416_183110
16.63,1334272.0,1,20250416_183128
16.81,1334272.0,1,20250416_183146
16.57,1334272.0,1,20250416_183204
17.24,1334272.0,1,20250416_183222
16.88,1334272.0,1,20250416_183240
16.78,1334272.0,1,20250416_183258
16.99,1334272.0,1,20250416_183316
15.24,1334272.0,1,20250511_210453
15.09,1334272.0,1,20250511_210509
15.21,1334272.0,1,20250511_210525
15.15,1334272.0,1,20250511_210541
15.23,1334272.0,1,20250511_210558
15.23,1334272.0,1,20250511_210614
15.3,1334272.0,1,20250511_210630
15.22,1334272.0,1,20250511_210647
15.1,1334272.0,1,20250511_210703
15.21,1334272.0,1,20250511_210719
15.21,1334272.0,1,20250516_063911
15.4,1334272.0,1,20250516_063927
15.2,1334272.0,1,20250516_063944
15.18,1334272.0,1,20250516_064000
15.17,1334272.0,1,20250516_064016
17.43,1333248.0,1,20250516_064035
15.32,1334272.0,1,20250516_064052
15.3,1334272.0,1,20250516_064108
15.74,1334272.0,1,20250516_064125
16.04,1334272.0,1,20250516_064142
16.0,1334272.0,1,20250523_172523
15.89,1334272.0,1,20250523_172540
15.72,1334272.0,1,20250523_172556
16.03,1334272.0,1,20250523_172614
15.95,1334272.0,1,20250523_172631
16.08,1334272.0,1,20250523_172648
16.06,1334272.0,1,20250523_172705
15.67,1333248.0,1,20250523_172722
15.89,1334272.0,1,20250523_172739
16.01,1334272.0,1,20250523_172756
