29592.7,1667072.0,6,20250418_094152
33572.57,1666048.0,6,20250419_013546
30824.93,1669120.0,6,20250419_100948
34577.31,1670144.0,6,20250419_194628
32392.41,1670144.0,6,20250420_044633
31063.6,1670172.0,6,20250703_181913
32363.68,1672228.0,6,20250704_032126
32429.11,1671200.0,6,20250704_122214
31867.94,1661980.0,6,20250704_211341
33133.47,1667112.0,6,20250705_062608
31631.96,1668132.0,6,20250705_151335
32692.07,1665060.0,6,20250706_001843
32242.26,1671200.0,6,20250706_144940
33885.39,1669156.0,6,20250707_001503
32793.95,1668132.0,6,20250707_092200
36619.94,1667108.0,6,20250708_021212
32635.83,1672280.0,6,20250710_211418
32954.02,1659940.0,6,20250711_145158
33442.83,1660964.0,6,20250712_000957
34093.94,1668132.0,6,20250712_141511
33659.56,1670208.0,6,20250712_233658
33508.3,1664036.0,6,20250713_085549
