16.89,1334272.0,1,20250416_182630
16.73,1334272.0,1,20250416_182648
16.92,1334272.0,1,20250416_182706
16.95,1334272.0,1,20250416_182724
16.74,1334272.0,1,20250416_182742
17.32,1334272.0,1,20250416_182800
17.0,1334272.0,1,20250416_182818
17.39,1334272.0,1,20250416_182837
16.66,1334272.0,1,20250416_182855
17.36,1334272.0,1,20250416_182913
15.92,1334272.0,1,20250511_210154
15.84,1334272.0,1,20250511_210211
15.98,1334272.0,1,20250511_210228
15.81,1334272.0,1,20250511_210245
15.72,1334272.0,1,20250511_210301
15.83,1334272.0,1,20250511_210318
15.86,1334272.0,1,20250511_210335
15.95,1334272.0,1,20250511_210352
15.88,1334272.0,1,20250511_210409
15.88,1334272.0,1,20250511_210426
15.71,1334272.0,1,20250516_063644
15.76,1334272.0,1,20250516_063700
15.82,1334272.0,1,20250516_063717
15.91,1334272.0,1,20250516_063734
15.76,1334272.0,1,20250516_063751
15.92,1334272.0,1,20250516_063808
15.65,1334272.0,1,20250516_063825
15.66,1334272.0,1,20250516_063841
15.76,1333248.0,1,20250516_063858
15.61,1333248.0,1,20250516_063915
16.62,1334272.0,1,20250523_172156
16.55,1334272.0,1,20250523_172213
16.6,1334272.0,1,20250523_172231
16.48,1334272.0,1,20250523_172249
16.75,1334272.0,1,20250523_172307
16.55,1334272.0,1,20250523_172324
16.47,1334272.0,1,20250523_172342
16.65,1334272.0,1,20250523_172400
16.56,1334272.0,1,20250523_172418
16.66,1334272.0,1,20250523_172435
