16.52,1334272.0,1,20250416_182325
18.79,1334272.0,1,20250416_182345
17.85,1334272.0,1,20250416_182404
16.53,1334272.0,1,20250416_182422
16.77,1334272.0,1,20250416_182440
19.23,1334272.0,1,20250416_182500
16.5,1334272.0,1,20250416_182518
16.8,1333248.0,1,20250416_182536
16.71,1334272.0,1,20250416_182554
16.73,1334272.0,1,20250416_182612
15.9,1334272.0,1,20250511_210815
15.92,1334272.0,1,20250511_210832
16.02,1334272.0,1,20250511_210849
15.86,1334272.0,1,20250511_210906
16.13,1334272.0,1,20250511_210923
16.11,1334272.0,1,20250511_210940
16.07,1334272.0,1,20250511_210958
16.16,1334272.0,1,20250511_211015
16.05,1334272.0,1,20250511_211032
16.05,1334272.0,1,20250511_211049
15.13,1334272.0,1,20250516_064023
15.33,1334272.0,1,20250516_064040
15.28,1334272.0,1,20250516_064056
15.3,1334272.0,1,20250516_064112
15.75,1334272.0,1,20250516_064129
15.91,1334272.0,1,20250516_064146
15.8,1334272.0,1,20250516_064203
16.13,1334272.0,1,20250516_064220
16.05,1334272.0,1,20250516_064237
15.84,1334272.0,1,20250516_064254
15.82,1334272.0,1,20250523_131521
15.97,1334272.0,1,20250523_131538
15.86,1334272.0,1,20250523_131555
15.98,1334272.0,1,20250523_131612
15.99,1334272.0,1,20250523_131629
15.93,1334272.0,1,20250523_131646
15.67,1334272.0,1,20250523_131703
15.85,1334272.0,1,20250523_131720
15.87,1334272.0,1,20250523_131737
15.77,1334272.0,1,20250523_131754
