17422.31,3543292.0,3,20250422_171205
13934.26,3543336.0,3,20250704_215216
14147.83,3542916.0,3,20250705_014828
13860.18,3543312.0,3,20250705_054016
13700.44,3543328.0,3,20250705_092915
14068.4,3543332.0,3,20250705_132429
14641.27,3543332.0,3,20250705_172915
13510.04,3543328.0,3,20250705_211720
13137.87,3542952.0,3,20250706_005902
13571.95,3543356.0,3,20250706_044645
13663.23,3543416.0,3,20250706_083720
16693.49,3543340.0,3,20250706_210311
15482.21,3543392.0,3,20250707_012159
15297.66,3542736.0,3,20250707_201701
16370.43,3541800.0,3,20250708_005021
14587.38,3542556.0,3,20250710_161346
14371.44,3542556.0,3,20250710_204855
13484.57,3543272.0,3,20250711_003628
