16.89,1334272.0,1,20250416_183634
17.22,1334272.0,1,20250416_183652
16.9,1334272.0,1,20250416_183710
16.9,1334272.0,1,20250416_183728
16.94,1334272.0,1,20250416_183746
16.73,1334272.0,1,20250416_183804
16.74,1334272.0,1,20250416_183822
16.77,1334272.0,1,20250416_183840
16.7,1334272.0,1,20250416_183857
16.68,1334272.0,1,20250416_183915
15.01,1334272.0,1,20250511_210054
15.22,1333248.0,1,20250511_210110
15.19,1334272.0,1,20250511_210126
15.25,1334272.0,1,20250511_210143
15.14,1334272.0,1,20250511_210159
15.3,1334272.0,1,20250511_210215
15.18,1334272.0,1,20250511_210231
15.04,1334272.0,1,20250511_210247
15.19,1334272.0,1,20250511_210304
15.09,1334272.0,1,20250511_210320
16.12,1334272.0,1,20250516_063936
15.78,1334272.0,1,20250516_063953
15.9,1334272.0,1,20250516_064010
16.09,1334272.0,1,20250516_064027
16.08,1334272.0,1,20250516_064045
16.16,1334272.0,1,20250516_064102
16.13,1334272.0,1,20250516_064119
16.04,1334272.0,1,20250516_064136
16.14,1334272.0,1,20250516_064153
16.11,1334272.0,1,20250516_064210
16.63,1334272.0,1,20250524_150433
16.72,1334272.0,1,20250524_150451
16.62,1334272.0,1,20250524_150509
16.61,1334272.0,1,20250524_150527
16.44,1334272.0,1,20250524_150544
16.49,1334272.0,1,20250524_150602
16.57,1334272.0,1,20250524_150620
16.58,1334272.0,1,20250524_150638
17.16,1334272.0,1,20250524_150656
16.73,1334272.0,1,20250524_150714
