27099.76,2314240.0,4,20250418_085520
32589.97,2295808.0,4,20250419_011354
29584.19,2301952.0,4,20250419_092714
30450.47,2307072.0,4,20250419_175539
31846.56,2309120.0,4,20250420_024649
28205.1,2325504.0,4,20250603_163753
28142.25,2322432.0,4,20250604_003047
28059.49,2328576.0,4,20250604_082215
28083.08,2327552.0,4,20250604_161357
29256.39,2328576.0,4,20250605_002308
28676.99,2328576.0,4,20250605_082450
30269.73,2329600.0,4,20250605_165116
30026.38,2326528.0,4,20250606_011250
30634.16,2329600.0,4,20250606_094544
30428.03,2331648.0,4,20250606_181609
29131.28,2333696.0,4,20250607_170947
28783.53,2333696.0,4,20250608_011002
29095.44,2333696.0,4,20250608_091900
