16012.03,3950640.0,8,20250422_040809
18379.51,3950492.0,8,20250707_210937
16176.59,3950388.0,8,20250708_014012
15523.46,3949560.0,8,20250708_060000
15230.14,3951116.0,8,20250708_101512
16565.86,3951860.0,8,20250708_145208
14443.55,3950420.0,8,20250708_185340
16110.69,3951088.0,8,20250708_232600
15506.1,3951068.0,8,20250709_034808
14428.18,3948576.0,8,20250709_075149
15375.27,3950000.0,8,20250709_121029
14031.93,3950360.0,8,20250710_160425
13786.02,3950360.0,8,20250710_195715
15192.31,3950392.0,8,20250711_001354
13817.92,3950356.0,8,20250711_040718
