17.5,1334272.0,1,20250416_182130
16.84,1333248.0,1,20250416_182148
16.82,1334272.0,1,20250416_182206
16.88,1334272.0,1,20250416_182224
17.96,1334272.0,1,20250416_182243
17.24,1334272.0,1,20250416_182301
17.03,1334272.0,1,20250416_182319
17.07,1334272.0,1,20250416_182338
16.86,1334272.0,1,20250416_182356
16.69,1334272.0,1,20250416_182413
15.95,1334272.0,1,20250511_210522
15.81,1334272.0,1,20250511_210539
15.94,1334272.0,1,20250511_210555
15.76,1334272.0,1,20250511_210612
15.81,1334272.0,1,20250511_210629
15.94,1334272.0,1,20250511_210646
15.93,1334272.0,1,20250511_210703
15.76,1334272.0,1,20250511_210720
16.09,1334272.0,1,20250511_210737
16.22,1334272.0,1,20250511_210754
15.59,1334272.0,1,20250516_063809
15.72,1334272.0,1,20250516_063826
15.57,1334272.0,1,20250516_063843
15.7,1334272.0,1,20250516_063859
15.53,1334272.0,1,20250516_063916
15.99,1334272.0,1,20250516_063933
16.1,1334272.0,1,20250516_063950
16.05,1334272.0,1,20250516_064007
16.01,1334272.0,1,20250516_064024
16.16,1333248.0,1,20250516_064041
15.9,1334272.0,1,20250523_131301
16.0,1334272.0,1,20250523_131318
15.92,1334272.0,1,20250523_131336
15.9,1334272.0,1,20250523_131353
15.68,1334272.0,1,20250523_131409
15.95,1334272.0,1,20250523_131426
15.85,1334272.0,1,20250523_131443
15.95,1334272.0,1,20250523_131500
15.86,1334272.0,1,20250523_131517
15.63,1334272.0,1,20250523_131534
