20401.08,3574372.0,10,20250423_073044
14886.65,3573424.0,10,20250713_144511
14343.84,3574404.0,10,20250713_184526
15744.87,3574392.0,10,20250713_231043
14971.12,3574424.0,10,20250714_032257
17908.4,3574408.0,10,20250714_082242
18587.39,3573356.0,10,20250714_133312
18911.36,3573164.0,10,20250714_184932
18961.58,3574436.0,10,20250715_000904
16899.19,3575104.0,10,20250715_045143
17995.33,3574380.0,10,20250715_095234
14762.8,3574380.0,10,20250717_151206
16259.73,3574380.0,10,20250717_194508
14945.12,3574380.0,10,20250717_235446
15596.94,3574380.0,10,20250718_041549
