16.98,1334272.0,1,20250416_182735
16.77,1334272.0,1,20250416_182753
16.58,1334272.0,1,20250416_182811
17.37,1334272.0,1,20250416_182829
16.62,1333248.0,1,20250416_182847
16.87,1334272.0,1,20250416_182905
16.75,1334272.0,1,20250416_182923
16.76,1333248.0,1,20250416_182941
16.87,1334272.0,1,20250416_182959
16.81,1334272.0,1,20250416_183017
15.07,1334272.0,1,20250511_210209
15.2,1334272.0,1,20250511_210226
15.37,1334272.0,1,20250511_210242
15.28,1334272.0,1,20250511_210258
15.33,1334272.0,1,20250511_210315
15.26,1334272.0,1,20250511_210331
15.14,1334272.0,1,20250511_210347
15.21,1334272.0,1,20250511_210404
15.22,1334272.0,1,20250511_210420
15.14,1334272.0,1,20250511_210436
15.08,1334272.0,1,20250516_063629
15.05,1334272.0,1,20250516_063645
15.28,1334272.0,1,20250516_063701
15.12,1334272.0,1,20250516_063717
15.17,1334272.0,1,20250516_063734
15.31,1334272.0,1,20250516_063750
15.21,1334272.0,1,20250516_063806
15.12,1334272.0,1,20250516_063822
15.25,1334272.0,1,20250516_063839
15.1,1334272.0,1,20250516_063855
16.1,1334272.0,1,20250523_172233
15.96,1334272.0,1,20250523_172250
15.78,1334272.0,1,20250523_172307
15.82,1334272.0,1,20250523_172324
15.82,1333248.0,1,20250523_172340
15.95,1334272.0,1,20250523_172357
16.13,1334272.0,1,20250523_172415
16.04,1334272.0,1,20250523_172432
15.75,1334272.0,1,20250523_172449
15.79,1333248.0,1,20250523_172506
