27104.27,3924816.0,15,20250423_092224
25321.3,3923832.0,15,20250707_230421
22809.26,3923680.0,15,20250708_052558
21716.8,3925272.0,15,20250708_112907
20672.27,3924184.0,15,20250708_171449
22906.65,3924580.0,15,20250708_233802
22490.48,3924212.0,15,20250709_055719
22167.67,3924572.0,15,20250709_121110
21719.59,3924560.0,15,20250709_181728
21275.76,3924532.0,15,20250710_001614
21870.71,3923692.0,15,20250710_062500
21763.62,3924560.0,15,20250713_115212
20659.53,3924576.0,15,20250713_173840
20981.82,3924536.0,15,20250713_232910
20892.02,3923964.0,15,20250714_052052
