23771.52,3904352.0,13,20250422_124723
22704.13,3903176.0,13,20250706_225056
19306.9,3904388.0,13,20250707_041423
19592.26,3904440.0,13,20250707_094221
20196.04,3904412.0,13,20250707_152011
23248.42,3904388.0,13,20250707_214854
22478.37,3904452.0,13,20250708_040501
22103.04,3904384.0,13,20250708_101503
19445.35,3904448.0,13,20250708_154005
20741.83,3904388.0,13,20250708_212654
20535.92,3904396.0,13,20250711_112540
20351.65,3904400.0,13,20250711_170625
20238.41,3904464.0,13,20250711_224451
21269.89,3904444.0,13,20250712_044118
19848.77,3902636.0,13,20250712_101320
20583.46,3904380.0,13,20250712_160046
