38581.57,3169240.0,4,20250417_091907
39838.68,3167832.0,4,20250420_114021
42010.98,3169088.0,4,20250706_010224
41820.74,3169284.0,4,20250706_124102
45966.17,3169276.0,4,20250707_012805
43877.65,3169300.0,4,20250707_134058
48171.49,3168308.0,4,20250708_030552
49011.23,3168516.0,4,20250708_164357
49768.55,3169232.0,4,20250709_063427
41306.04,3168648.0,4,20250709_181047
53349.96,3168204.0,4,20250714_195526
50182.86,3169324.0,4,20250715_095254
44636.46,3169352.0,4,20250715_221751
44323.19,3169996.0,4,20250716_104216
45180.09,3169276.0,4,20250716_231649
