28793.11,1672192.0,6,20250418_092812
32957.38,1667072.0,6,20250419_012450
31416.48,1667072.0,6,20250419_100835
35395.82,1670144.0,6,20250419_195859
34438.89,1670144.0,6,20250420_053318
31708.89,1670212.0,6,20250703_121143
31847.99,1666120.0,6,20250703_210243
32156.52,1672228.0,6,20250704_060110
32863.72,1668156.0,6,20250704_150916
32116.39,1668184.0,6,20250705_000513
32889.61,1668160.0,6,20250705_091349
32710.83,1666084.0,6,20250705_182010
32424.14,1669196.0,6,20250706_032123
32487.0,1669156.0,6,20250706_145307
35024.44,1665136.0,6,20250707_003709
32877.24,1666084.0,6,20250707_094528
32958.88,1665060.0,6,20250707_185505
35953.91,1666084.0,6,20250708_045433
34209.49,1665084.0,6,20250708_142548
34159.33,1667108.0,6,20250708_235543
32929.54,1667108.0,6,20250709_090742
31474.5,1665060.0,6,20250709_175513
31159.73,1664036.0,6,20250710_023637
35312.12,1668132.0,6,20250717_205431
