16.78,1334272.0,1,20250416_184142
19.6,1334272.0,1,20250416_184203
19.61,1334272.0,1,20250416_184224
16.92,1334272.0,1,20250416_184242
16.57,1334272.0,1,20250416_184259
16.83,1334272.0,1,20250416_184317
16.79,1334272.0,1,20250416_184335
17.87,1333248.0,1,20250416_184354
16.8,1334272.0,1,20250416_184412
17.71,1333248.0,1,20250416_184431
16.19,1334272.0,1,20250511_210648
16.08,1334272.0,1,20250511_210705
15.98,1334272.0,1,20250511_210722
16.11,1334272.0,1,20250511_210739
15.95,1334272.0,1,20250511_210756
16.12,1334272.0,1,20250511_210813
16.17,1334272.0,1,20250511_210830
16.1,1334272.0,1,20250511_210847
16.27,1334272.0,1,20250511_210905
16.16,1334272.0,1,20250511_210922
15.9,1334272.0,1,20250516_064429
16.01,1334272.0,1,20250516_064446
16.14,1334272.0,1,20250516_064503
16.18,1334272.0,1,20250516_064520
16.11,1334272.0,1,20250516_064537
16.18,1334272.0,1,20250516_064554
16.03,1334272.0,1,20250516_064611
16.41,1334272.0,1,20250516_064629
16.22,1334272.0,1,20250516_064646
15.95,1334272.0,1,20250516_064703
16.1,1334272.0,1,20250524_151041
16.19,1334272.0,1,20250524_151058
16.14,1334272.0,1,20250524_151116
16.36,1334272.0,1,20250524_151133
16.2,1334272.0,1,20250524_151150
16.09,1334272.0,1,20250524_151208
16.16,1334272.0,1,20250524_151225
16.01,1334272.0,1,20250524_151242
15.96,1334272.0,1,20250524_151259
16.0,1334272.0,1,20250524_151316
