14602.42,4239360.0,3,20250417_024436
17032.14,4240384.0,3,20250417_072849
15960.75,4243456.0,3,20250417_115632
13215.38,4241408.0,3,20250417_153711
14794.64,4236288.0,3,20250419_050022
12697.66,4244480.0,3,20250419_083327
12707.78,4244480.0,3,20250419_120642
17914.51,4241408.0,3,20250419_170657
15712.96,4242432.0,3,20250419_212945
14043.01,4277248.0,3,20250512_005942
14197.46,4277248.0,3,20250512_045834
14493.82,4274176.0,3,20250512_090124
14512.02,4276224.0,3,20250512_130341
12829.86,4279296.0,3,20250519_224151
12812.59,4278272.0,3,20250520_021655
12849.45,4276224.0,3,20250520_055245
12786.41,4277248.0,3,20250520_092735
12784.19,4279296.0,3,20250520_130239
12907.98,4278272.0,3,20250520_163817
13015.39,4278272.0,3,20250520_201549
13153.27,4278272.0,3,20250520_235727
14258.13,4276224.0,3,20250521_035608
12764.49,4277248.0,3,20250521_073043
