55.57,3052436.0,1,20250416_190109
55.97,3053368.0,1,20250416_190208
56.03,3053432.0,1,20250416_190306
56.0,3052200.0,1,20250416_190405
58.77,3053296.0,1,20250416_190507
59.45,3052468.0,1,20250416_190610
55.68,3052308.0,1,20250416_190709
56.22,3051328.0,1,20250416_190808
56.51,3053432.0,1,20250416_190907
56.1,3051368.0,1,20250416_191006
50.73,3053360.0,1,20250511_205813
50.68,3052224.0,1,20250511_205907
50.36,3053280.0,1,20250511_210000
50.24,3053372.0,1,20250511_210053
50.17,3053284.0,1,20250511_210146
50.18,3053396.0,1,20250511_210239
50.72,3053392.0,1,20250511_210332
50.37,3053400.0,1,20250511_210426
50.67,3053284.0,1,20250511_210519
50.47,3053280.0,1,20250511_210613
50.66,3053332.0,1,20250516_063122
54.84,3052448.0,1,20250516_063220
50.14,3053284.0,1,20250516_063313
50.51,3053284.0,1,20250516_063406
50.64,3053284.0,1,20250516_063500
50.62,3053284.0,1,20250516_063553
50.87,3053284.0,1,20250516_063646
50.77,3053284.0,1,20250516_063740
50.44,3053284.0,1,20250516_063833
50.27,3053280.0,1,20250516_063926
53.48,3053284.0,1,20250519_190155
53.74,3053280.0,1,20250519_190251
53.73,3053284.0,1,20250519_190348
53.28,3053280.0,1,20250519_190444
53.7,3053284.0,1,20250519_190540
53.86,3053280.0,1,20250519_190637
54.77,3053284.0,1,20250519_190734
54.37,3052304.0,1,20250519_190831
54.9,3053284.0,1,20250519_190928
55.49,3053284.0,1,20250519_191027
