23042.79,1441792.0,6,20250422_034151
13287.51,1448960.0,6,20250524_081721
13304.64,1449984.0,6,20250524_120012
13439.87,1449984.0,6,20250524_154513
14058.78,1448960.0,6,20250524_194045
13939.47,1449984.0,6,20250524_233418
14007.18,1448960.0,6,20250525_032859
12287.7,1448960.0,6,20250602_124158
12310.6,1447936.0,6,20250602_160800
12272.71,1448960.0,6,20250602_193324
12273.1,1446912.0,6,20250602_225848
12289.56,1446912.0,6,20250603_022436
12287.16,1448960.0,6,20250603_055015
12258.04,1446912.0,6,20250603_091526
12235.49,1443840.0,6,20250603_124015
12231.85,1448960.0,6,20250603_160441
12239.56,1448960.0,6,20250603_192933
