7440.67,3871976.0,8,20250417_004431
9568.05,3871992.0,8,20250417_032504
8421.53,3870024.0,8,20250417_054702
8606.76,3871104.0,8,20250417_081204
7765.62,3871160.0,8,20250417_102251
7089.27,3870244.0,8,20250521_025107
7160.47,3870776.0,8,20250521_045203
7294.79,3870780.0,8,20250521_065512
6451.28,3870484.0,8,20250521_084351
6455.87,3870016.0,8,20250521_103254
7099.37,3870004.0,8,20250521_123227
6618.06,3869916.0,8,20250521_142406
6447.49,3870780.0,8,20250521_161314
6514.46,3870780.0,8,20250521_180329
6525.4,3870780.0,8,20250521_195334
6699.78,3871684.0,8,20250611_105921
6690.84,3871184.0,8,20250611_125154
6930.74,3870780.0,8,20250611_144841
6941.4,3870780.0,8,20250611_164603
6794.22,3869412.0,8,20250611_184039
