55.31,3053436.0,1,20250416_185119
55.9,3053436.0,1,20250416_185217
56.0,3053432.0,1,20250416_185316
55.88,3052448.0,1,20250416_185415
55.67,3052260.0,1,20250416_185513
55.54,3053456.0,1,20250416_185611
60.32,3050356.0,1,20250416_185715
56.06,3053444.0,1,20250416_185813
55.73,3053272.0,1,20250416_185912
56.09,3053432.0,1,20250416_190011
50.98,3052392.0,1,20250511_205713
50.44,3053284.0,1,20250511_205806
50.31,3053284.0,1,20250511_205859
49.81,3053284.0,1,20250511_205951
51.28,3053284.0,1,20250511_210045
52.31,3053284.0,1,20250511_210140
52.26,3053280.0,1,20250511_210235
52.9,3053284.0,1,20250511_210330
52.66,3053284.0,1,20250511_210425
52.98,3053280.0,1,20250511_210521
51.42,3053284.0,1,20250516_063008
50.96,3053284.0,1,20250516_063102
50.76,3053280.0,1,20250516_063155
51.11,3053284.0,1,20250516_063249
50.74,3053284.0,1,20250516_063342
50.86,3053284.0,1,20250516_063435
50.45,3053284.0,1,20250516_063528
50.74,3053284.0,1,20250516_063621
50.68,3053284.0,1,20250516_063715
50.71,3053524.0,1,20250516_063808
51.69,3053296.0,1,20250519_185822
51.04,3053284.0,1,20250519_185916
52.09,3053284.0,1,20250519_190010
51.19,3053284.0,1,20250519_190104
51.77,3053276.0,1,20250519_190158
52.18,3053284.0,1,20250519_190253
51.61,3053284.0,1,20250519_190348
50.96,3053280.0,1,20250519_190441
51.82,3053268.0,1,20250519_190536
51.7,3053284.0,1,20250519_190630
