9163.66,3862916.0,6,20250417_011346
8434.24,3864828.0,6,20250417_033445
10766.89,3863728.0,6,20250417_063500
11241.7,3863400.0,6,20250417_094319
9554.18,3865368.0,6,20250417_122303
10377.72,3864012.0,6,20250511_235936
10012.59,3863788.0,6,20250512_024755
9914.93,3864780.0,6,20250512_053446
10777.43,3864408.0,6,20250512_083518
10443.86,3864052.0,6,20250512_113007
9255.86,3864756.0,6,20250519_214235
9113.46,3864756.0,6,20250520_001531
9201.19,3864752.0,6,20250520_024957
9110.54,3864752.0,6,20250520_052254
9406.36,3864756.0,6,20250520_080051
9558.23,3864756.0,6,20250520_104126
9347.78,3864352.0,6,20250520_131829
9508.64,3864660.0,6,20250520_155747
9780.85,3863788.0,6,20250520_184149
9063.61,3864752.0,6,20250520_211417
