13319.68,1463296.0,5,20250419_043656
11980.71,1466368.0,5,20250419_075707
12883.12,1465344.0,5,20250419_113208
12912.74,1462272.0,5,20250419_150732
13235.41,1465344.0,5,20250419_184819
11824.93,1467392.0,5,20250602_090019
11851.41,1467392.0,5,20250602_121830
11928.62,1467392.0,5,20250602_153803
11929.62,1466368.0,5,20250602_185741
11830.96,1467392.0,5,20250602_221501
11834.19,1467392.0,5,20250603_013305
11833.81,1466368.0,5,20250603_045109
11876.67,1467392.0,5,20250603_080956
11856.71,1467392.0,5,20250603_112746
11900.51,1467392.0,5,20250603_144657
