16817.91,4242432.0,4,20250417_032147
13699.6,4249600.0,4,20250417_071027
14682.82,4247552.0,4,20250417_111626
13175.5,4247552.0,4,20250417_145620
12562.79,4249600.0,4,20250418_043049
12524.41,4250624.0,4,20250418_075950
13320.49,4242432.0,4,20250418_114227
14814.8,4281344.0,4,20250512_011202
14452.76,4283392.0,4,20250512_051521
14409.36,4283392.0,4,20250512_091608
14630.49,4283392.0,4,20250512_132024
12747.55,4277248.0,4,20250519_190035
12929.79,4278272.0,4,20250519_223738
13087.74,4283392.0,4,20250520_021715
12990.84,4284416.0,4,20250520_055518
13057.28,4283392.0,4,20250520_093434
13002.93,4284416.0,4,20250520_131303
13088.11,4284416.0,4,20250520_165132
13134.44,4283392.0,4,20250520_203057
13319.74,4283392.0,4,20250521_001518
13176.58,4284416.0,4,20250521_035722
