7080.33,3310672.0,5,20250421_212639
5377.45,3311436.0,5,20250520_203630
5195.38,3311440.0,5,20250520_220353
5649.36,3310628.0,5,20250520_233855
5390.23,3311464.0,5,20250521_010936
5432.81,3310624.0,5,20250521_024101
5333.9,3310860.0,5,20250521_041046
5623.86,3311464.0,5,20250521_054528
5751.25,3311464.0,5,20250521_072218
5387.6,3311464.0,5,20250521_085246
5428.64,3311280.0,5,20250521_102402
5114.46,3310600.0,5,20250604_210129
5288.24,3311436.0,5,20250604_223011
5254.77,3311564.0,5,20250604_235824
5161.07,3311436.0,5,20250605_012503
5048.73,3311096.0,5,20250605_024949
