55.53,3053296.0,1,20250416_190048
60.59,3052432.0,1,20250416_190152
56.13,3053388.0,1,20250416_190251
55.47,3053436.0,1,20250416_190349
55.98,3053320.0,1,20250416_190448
55.67,3053336.0,1,20250416_190547
56.04,3053436.0,1,20250416_190645
55.75,3053272.0,1,20250416_190744
55.92,3052372.0,1,20250416_190843
55.48,3051428.0,1,20250416_190941
50.88,3053364.0,1,20250511_205755
50.7,3053544.0,1,20250511_205849
50.69,3053284.0,1,20250511_205942
50.23,3053244.0,1,20250511_210035
50.75,3053280.0,1,20250511_210128
50.52,3051320.0,1,20250511_210222
50.64,3053420.0,1,20250511_210315
50.28,3053284.0,1,20250511_210408
50.6,3052324.0,1,20250511_210501
50.32,3053284.0,1,20250511_210554
54.93,3053276.0,1,20250516_063114
50.54,3053284.0,1,20250516_063207
50.5,3053280.0,1,20250516_063300
50.82,3053280.0,1,20250516_063354
50.66,3053284.0,1,20250516_063447
50.32,3053280.0,1,20250516_063540
50.4,3053284.0,1,20250516_063633
50.53,3053284.0,1,20250516_063726
50.57,3053276.0,1,20250516_063820
51.0,3053496.0,1,20250516_063913
52.13,3053348.0,1,20250519_185930
51.71,3052280.0,1,20250519_190024
51.51,3053280.0,1,20250519_190118
51.72,3053284.0,1,20250519_190212
51.87,3053416.0,1,20250519_190307
51.85,3053280.0,1,20250519_190401
51.48,3053360.0,1,20250519_190455
52.19,3053284.0,1,20250519_190550
52.1,3053280.0,1,20250519_190645
51.77,3053280.0,1,20250519_190739
