11495.58,3576356.0,8,20250421_195757
9183.24,3575844.0,8,20250521_222753
9379.73,3576544.0,8,20250522_010517
9436.3,3576548.0,8,20250522_034350
10146.95,3576544.0,8,20250522_063508
10287.15,3576548.0,8,20250522_092743
9681.79,3576048.0,8,20250522_121012
9636.97,3576548.0,8,20250522_145203
9651.55,3576548.0,8,20250522_173454
9395.48,3576544.0,8,20250522_201238
9436.74,3576544.0,8,20250522_225128
9373.16,3576292.0,8,20250611_135532
9199.31,3576548.0,8,20250611_163034
9183.84,3576548.0,8,20250611_190455
