12449.09,1443840.0,6,20250418_053520
12178.53,1446912.0,6,20250418_085834
12406.42,1442816.0,6,20250418_122530
13788.37,1440768.0,6,20250418_201205
13411.35,1444864.0,6,20250418_235549
13847.25,1448960.0,6,20250512_004911
14049.07,1448960.0,6,20250512_044414
14354.52,1445888.0,6,20250512_084346
14165.23,1445888.0,6,20250512_124011
12585.84,1446912.0,6,20250519_223145
12460.37,1448960.0,6,20250520_020007
12596.38,1447936.0,6,20250520_053051
12445.21,1447936.0,6,20250520_085904
12581.46,1449984.0,6,20250520_122938
12595.97,1447936.0,6,20250520_160008
12649.95,1445888.0,6,20250520_193131
12874.2,1447936.0,6,20250520_230704
12557.95,1447936.0,6,20250521_023719
12350.85,1448960.0,6,20250521_060406
