11767.08,1517100.0,36,20250419_205325
11969.95,1516800.0,36,20250420_001340
12815.96,1516808.0,36,20250420_034751
12550.7,1517860.0,36,20250420_071745
12039.93,1517244.0,36,20250420_103904
12122.75,1517524.0,36,20250606_034227
11781.52,1516140.0,36,20250606_065926
11852.29,1517088.0,36,20250606_101804
11860.5,1518416.0,36,20250606_133645
11420.33,1516940.0,36,20250606_164750
11715.56,1518524.0,36,20250606_200416
11579.62,1517524.0,36,20250606_231825
11119.48,1516796.0,36,20250607_022453
11070.06,1516688.0,36,20250607_053031
10831.73,1518172.0,36,20250607_083211
