9929.34,3623080.0,4,20250421_192807
6833.03,3623172.0,4,20250422_155033
7153.46,3622880.0,4,20250422_175006
7067.59,3622924.0,4,20250422_194825
5058.94,3622436.0,4,20250512_135319
4961.99,3622992.0,4,20250520_065202
4826.79,3622996.0,4,20250520_081314
4855.27,3622812.0,4,20250520_093455
5126.04,3624016.0,4,20250520_110111
4901.84,3622992.0,4,20250520_122340
4853.8,3622144.0,4,20250520_134518
4815.92,3622992.0,4,20250520_150620
4822.05,3622148.0,4,20250520_162728
4665.17,3623168.0,4,20250520_174550
4766.99,3623896.0,4,20250520_190603
