11093.05,12367856.0,3,20250419_015805
10304.08,12368864.0,3,20250419_045037
9928.81,12367588.0,3,20250419_073655
9755.38,12368932.0,3,20250419_102020
9562.57,12368508.0,3,20250419_130133
11358.27,12368592.0,3,20250512_000830
11224.13,12368592.0,3,20250512_031757
11359.99,12368592.0,3,20250512_062908
12146.17,12367964.0,3,20250512_095248
11534.41,12368772.0,3,20250512_130611
10441.62,12368296.0,3,20250519_215854
10782.47,12368592.0,3,20250520_010047
10668.89,12368592.0,3,20250520_040047
10644.39,12368588.0,3,20250520_070023
10736.73,12368592.0,3,20250520_100135
10745.38,12369496.0,3,20250520_130259
10386.46,12368592.0,3,20250520_155725
11022.77,12368592.0,3,20250520_190233
10440.66,12368588.0,3,20250520_215758
10266.03,12368596.0,3,20250521_005122
