13406.56,1444864.0,6,20250417_022256
13325.73,1446912.0,6,20250417_060516
13456.81,1446912.0,6,20250417_095006
12730.45,1442816.0,6,20250417_132226
15040.44,1444864.0,6,20250417_173317
12085.66,1442816.0,6,20250418_043056
11654.63,1448960.0,6,20250418_074523
13622.7,1441792.0,6,20250418_201029
13692.3,1445888.0,6,20250418_235850
12297.52,1447936.0,6,20250521_092944
12423.23,1447936.0,6,20250521_125729
12447.24,1449984.0,6,20250521_162553
12391.05,1447936.0,6,20250521_195320
12590.5,1447936.0,6,20250521_232401
12973.27,1445888.0,6,20250522_030027
12458.5,1447936.0,6,20250522_062854
12385.12,1448960.0,6,20250522_095604
12383.98,1443840.0,6,20250522_132255
12402.89,1446912.0,6,20250522_165013
