8466.93,3869480.0,7,20250417_010208
8889.91,3869328.0,7,20250417_033111
6702.49,3869220.0,7,20250417_052353
9187.05,3868704.0,7,20250417_075832
9528.13,3868140.0,7,20250417_103905
8362.33,3868616.0,7,20250511_232717
8022.58,3868620.0,7,20250512_014258
7391.78,3868620.0,7,20250512_034750
7560.34,3867904.0,7,20250512_055518
7775.69,3867732.0,7,20250512_080552
8106.26,3868556.0,7,20250512_102212
7414.49,3868480.0,7,20250512_122650
6196.1,3868620.0,7,20250519_205216
6229.39,3868616.0,7,20250519_223727
6200.52,3868620.0,7,20250520_002216
6256.15,3868780.0,7,20250520_020804
6259.91,3868620.0,7,20250520_035353
6231.26,3868580.0,7,20250520_053915
6217.87,3868620.0,7,20250520_072424
6233.77,3868616.0,7,20250520_090949
6282.05,3868616.0,7,20250520_105606
6189.81,3868620.0,7,20250520_124050
