12227.37,1691648.0,4,20250418_042819
12597.93,1688576.0,4,20250418_075826
12674.85,1681408.0,4,20250418_112954
15146.36,1683456.0,4,20250418_203402
14008.46,1687552.0,4,20250419_002738
13164.75,1724416.0,4,20250526_081130
12650.48,1725440.0,4,20250526_114255
12524.66,1724416.0,4,20250526_151219
12665.99,1725440.0,4,20250526_184414
12623.28,1726464.0,4,20250526_221533
12621.33,1725440.0,4,20250527_014653
12532.87,1725440.0,4,20250527_051646
12533.99,1724416.0,4,20250527_084644
12520.92,1726464.0,4,20250527_121549
12556.44,1726464.0,4,20250527_154615
