13733.47,3573576.0,6,20250421_203217
6463.76,3573408.0,6,20250520_230241
6820.72,3574476.0,6,20250521_005721
6760.09,3574268.0,6,20250521_025102
6906.14,3574428.0,6,20250521_044715
7039.49,3574004.0,6,20250521_064543
6954.36,3574560.0,6,20250521_084248
6716.28,3573716.0,6,20250521_103519
6284.6,3574004.0,6,20250521_122025
6571.7,3574316.0,6,20250521_141026
7070.37,3573276.0,6,20250521_160923
6283.31,3574560.0,6,20250605_115514
6281.16,3574144.0,6,20250605_134041
6571.19,3574492.0,6,20250605_153108
6505.71,3574560.0,6,20250605_172029
6496.13,3574024.0,6,20250605_190943
