55.71,3052224.0,1,20250416_184131
56.29,3052372.0,1,20250416_184230
55.89,3052428.0,1,20250416_184329
56.0,3053392.0,1,20250416_184428
56.11,3052204.0,1,20250416_184526
56.38,3053332.0,1,20250416_184625
56.0,3052332.0,1,20250416_184724
56.21,3053416.0,1,20250416_184823
56.47,3053436.0,1,20250416_184922
56.02,3053436.0,1,20250416_185021
51.03,3053492.0,1,20250511_205159
51.31,3053284.0,1,20250511_205253
50.89,3053284.0,1,20250511_205347
50.96,3052460.0,1,20250511_205648
51.09,3053284.0,1,20250511_205741
50.8,3052324.0,1,20250511_205835
50.61,3053284.0,1,20250511_205928
50.45,3053448.0,1,20250511_210021
50.14,3053340.0,1,20250511_210114
50.08,3053280.0,1,20250511_210207
50.89,3052364.0,1,20250511_210300
50.27,3053384.0,1,20250511_210353
50.66,3053284.0,1,20250511_210446
52.01,3053336.0,1,20250516_062945
51.18,3053280.0,1,20250516_063039
50.88,3053284.0,1,20250516_063132
50.76,3053328.0,1,20250516_063226
50.29,3053280.0,1,20250516_063318
50.34,3053280.0,1,20250516_063411
50.66,3053284.0,1,20250516_063504
50.34,3053280.0,1,20250516_063557
50.57,3053284.0,1,20250516_063650
50.72,3053284.0,1,20250516_063744
51.89,3052324.0,1,20250519_151846
51.63,3052348.0,1,20250519_151940
51.87,3053452.0,1,20250519_152035
52.04,3053416.0,1,20250519_152129
52.17,3053276.0,1,20250519_152224
53.03,3053284.0,1,20250519_152320
52.51,3053404.0,1,20250519_152415
51.84,3051388.0,1,20250519_152509
50.93,3053424.0,1,20250519_152602
51.24,3053292.0,1,20250519_152656
