15536.29,3029540.0,6,20250422_014625
8525.22,3030676.0,6,20250521_124638
8728.31,3030680.0,6,20250521_151226
9338.69,3030676.0,6,20250521_174934
8398.4,3029972.0,6,20250521_201029
8072.54,3032424.0,6,20250521_222521
7921.89,3031576.0,6,20250522_003814
7876.73,3031572.0,6,20250522_024951
7809.19,3029952.0,6,20250522_050110
8244.96,3030976.0,6,20250522_071951
7819.29,3031572.0,6,20250522_093118
8374.88,3030700.0,6,20250604_215604
8868.45,3030676.0,6,20250605_002445
8069.55,3029952.0,6,20250605_024009
7763.32,3030680.0,6,20250605_045035
7765.8,3030676.0,6,20250605_070105
