14592.66,1688576.0,4,20250419_045735
13046.91,1692672.0,4,20250419_083540
12830.87,1691648.0,4,20250419_121008
14242.62,1688576.0,4,20250419_160741
15756.07,1691648.0,4,20250419_203025
12785.88,1727488.0,4,20250531_163102
12950.53,1728512.0,4,20250531_200710
12923.37,1729536.0,4,20250531_234318
12849.21,1727488.0,4,20250601_031823
12868.81,1729536.0,4,20250601_065351
12909.95,1728512.0,4,20250601_103003
12885.11,1728512.0,4,20250601_140551
13358.96,1729536.0,4,20250601_225122
12625.65,1728512.0,4,20250602_022222
