17358.6,3390464.0,4,20250422_090233
13225.98,3422208.0,4,20250524_114911
13736.39,3421184.0,4,20250524_153924
13259.68,3424256.0,4,20250524_192228
13316.69,3422208.0,4,20250524_230636
13358.62,3424256.0,4,20250525_025126
12664.42,3424256.0,4,20250526_080540
12340.98,3425280.0,4,20250526_113221
12364.3,3425280.0,4,20250526_145925
12217.45,3425280.0,4,20250526_182404
12367.17,3425280.0,4,20250526_215114
14221.92,3420256.0,4,20250701_214402
13958.72,3421220.0,4,20250702_015641
13736.6,3421220.0,4,20250702_090644
13807.31,3421220.0,4,20250702_125742
13532.34,3418212.0,4,20250702_210858
13729.41,3419184.0,4,20250703_005821
13777.98,3420228.0,4,20250703_071257
13570.87,3419256.0,4,20250703_110008
13329.05,3419172.0,4,20250703_144252
