13088.85,1460224.0,5,20250417_021814
16162.15,1460224.0,5,20250417_064748
15384.36,1461248.0,5,20250417_110448
12716.67,1459200.0,5,20250417_143703
12764.68,1462272.0,5,20250417_181002
13092.07,1457152.0,5,20250419_043416
12169.77,1463296.0,5,20250419_075737
11903.56,1461248.0,5,20250419_111622
12656.44,1460224.0,5,20250419_144731
13437.11,1460224.0,5,20250419_183138
13964.59,1463296.0,5,20250512_005946
13465.63,1462272.0,5,20250512_044506
13816.22,1461248.0,5,20250512_083544
13844.67,1462272.0,5,20250512_122652
13157.81,1464320.0,5,20250519_225030
13098.03,1464320.0,5,20250520_022938
13032.81,1464320.0,5,20250520_060742
13101.83,1464320.0,5,20250520_094658
13065.42,1464320.0,5,20250520_132543
12276.45,1462272.0,5,20250520_165027
12489.57,1461248.0,5,20250520_201856
12699.18,1463296.0,5,20250520_235109
12345.44,1461248.0,5,20250521_031704
13229.78,1464320.0,5,20250521_065822
