55.49,3052288.0,1,20250416_184112
55.83,3053432.0,1,20250416_184211
55.33,3052328.0,1,20250416_184309
56.84,3053352.0,1,20250416_184409
55.62,3053280.0,1,20250416_184507
56.16,3053392.0,1,20250416_184606
57.95,3052252.0,1,20250416_184707
57.65,3053432.0,1,20250416_184807
55.64,3053336.0,1,20250416_184906
55.54,3053448.0,1,20250416_185004
51.05,3053284.0,1,20250511_205125
50.55,3053280.0,1,20250511_205218
51.21,3053280.0,1,20250511_205312
51.02,3053336.0,1,20250511_205611
50.49,3053284.0,1,20250511_205704
50.52,3053284.0,1,20250511_205757
49.99,3053280.0,1,20250511_205850
50.64,3053280.0,1,20250511_205943
51.48,3053284.0,1,20250511_210037
52.71,3052324.0,1,20250511_210132
52.95,3053280.0,1,20250511_210228
53.56,3053280.0,1,20250511_210324
53.08,3053284.0,1,20250511_210420
51.47,3053312.0,1,20250516_062914
51.31,3053320.0,1,20250516_063008
50.98,3053280.0,1,20250516_063101
50.96,3053284.0,1,20250516_063154
51.44,3052324.0,1,20250516_063248
50.77,3052356.0,1,20250516_063342
50.94,3052384.0,1,20250516_063435
51.4,3050304.0,1,20250516_063529
51.25,3053272.0,1,20250516_063623
52.75,3053280.0,1,20250516_063718
53.37,3053284.0,1,20250519_151823
53.65,3053280.0,1,20250519_151919
53.79,3053280.0,1,20250519_152015
54.06,3053284.0,1,20250519_152112
53.79,3053284.0,1,20250519_152208
53.89,3053284.0,1,20250519_152305
53.29,3053284.0,1,20250519_152401
53.74,3053284.0,1,20250519_152457
53.49,3053284.0,1,20250519_152553
53.65,3053284.0,1,20250519_152649
