15412.87,1465344.0,5,20250422_070354
12802.52,1467392.0,5,20250524_085741
12867.87,1466368.0,5,20250524_123313
13055.94,1467392.0,5,20250524_161136
13793.7,1466368.0,5,20250524_200243
13463.14,1466368.0,5,20250524_234817
13533.01,1466368.0,5,20250525_033502
11825.54,1463296.0,5,20250531_161455
11899.16,1466368.0,5,20250531_193331
11882.25,1467392.0,5,20250531_225213
11862.97,1466368.0,5,20250601_021042
11855.07,1467392.0,5,20250601_091035
11803.78,1466368.0,5,20250601_122802
12248.89,1463296.0,5,20250601_223309
11780.98,1466368.0,5,20250602_015002
