55.47,3053380.0,1,20250416_185103
55.95,3053388.0,1,20250416_185202
55.05,3053292.0,1,20250416_185300
55.15,3053344.0,1,20250416_185358
55.07,3053436.0,1,20250416_185456
55.14,3053436.0,1,20250416_185554
56.29,3053360.0,1,20250416_185653
56.06,3052492.0,1,20250416_185752
56.07,3053360.0,1,20250416_185851
55.6,3052308.0,1,20250416_185949
50.79,3053280.0,1,20250511_205735
50.8,3053284.0,1,20250511_205829
50.43,3052296.0,1,20250511_205922
50.47,3053284.0,1,20250511_210015
50.25,3053376.0,1,20250511_210108
49.92,3053284.0,1,20250511_210201
50.44,3053284.0,1,20250511_210254
50.2,3053308.0,1,20250511_210346
50.21,3052268.0,1,20250511_210439
50.85,3053280.0,1,20250511_210533
51.2,3053280.0,1,20250516_063029
50.59,3052328.0,1,20250516_063122
50.41,3053416.0,1,20250516_063215
51.01,3052292.0,1,20250516_063308
50.59,3051288.0,1,20250516_063402
50.68,3053464.0,1,20250516_063455
51.0,3051360.0,1,20250516_063548
52.18,3052308.0,1,20250516_063643
51.68,3053404.0,1,20250516_063737
52.59,3053284.0,1,20250516_063832
53.48,3053280.0,1,20250519_185849
54.39,3053284.0,1,20250519_185946
53.76,3053284.0,1,20250519_190043
53.4,3053284.0,1,20250519_190138
53.66,3053284.0,1,20250519_190235
53.48,3053284.0,1,20250519_190331
53.75,3053284.0,1,20250519_190427
53.96,3053284.0,1,20250519_190524
53.45,3053284.0,1,20250519_190620
54.68,3053280.0,1,20250519_190717
