17612.63,2996104.0,11,20250422_033859
10149.82,2995108.0,11,20250523_215127
9898.03,2995272.0,11,20250524_004827
9956.63,2996012.0,11,20250524_034633
9885.47,2995112.0,11,20250524_064324
9849.23,2995196.0,11,20250524_093939
9832.88,2995112.0,11,20250524_123533
9367.42,2996576.0,11,20250524_152226
10703.1,2995108.0,11,20250524_183240
10816.18,2995112.0,11,20250524_214453
10543.66,2995112.0,11,20250525_005242
9152.78,2994652.0,11,20250611_212058
8966.79,2996024.0,11,20250612_000206
8984.24,2996016.0,11,20250612_024329
9132.32,2995612.0,11,20250612_052703
9102.2,2996016.0,11,20250612_080945
12206.88,2995144.0,11,20250629_205628
10745.64,2994764.0,11,20250630_000758
10200.04,2995148.0,11,20250630_031020
