12203.22,1979392.0,4,20250418_042733
12277.49,1977344.0,4,20250418_075240
12588.73,1970176.0,4,20250418_112238
14456.25,1971200.0,4,20250418_202157
14339.67,1973248.0,4,20250419_002109
12566.65,2015232.0,4,20250526_080112
12447.96,2015232.0,4,20250526_112915
12477.13,2015232.0,4,20250526_145748
12464.34,2015232.0,4,20250526_182608
12445.49,2015232.0,4,20250526_215412
12454.79,2015232.0,4,20250527_012229
12469.47,2015232.0,4,20250527_045101
12469.35,2015232.0,4,20250527_081941
12618.35,2014208.0,4,20250527_115027
12616.6,2015232.0,4,20250527_152148
