12758.04,2818048.0,4,20250418_043630
12772.19,2821120.0,4,20250418_080948
13061.21,2821120.0,4,20250418_114802
15537.85,2816000.0,4,20250418_203919
14152.82,2822144.0,4,20250419_003551
12635.01,2857984.0,4,20250526_075716
12370.99,2859008.0,4,20250526_112415
12529.53,2859008.0,4,20250526_145356
12441.11,2859008.0,4,20250526_182211
12466.35,2859008.0,4,20250526_215054
12473.32,2859008.0,4,20250527_011954
12508.35,2857984.0,4,20250527_044933
12574.08,2859008.0,4,20250527_082029
12546.85,2859008.0,4,20250527_115014
12582.81,2859008.0,4,20250527_152123
