11550.52,2725344.0,9,20250422_073649
9629.4,2725724.0,9,20250523_200825
9201.05,2725512.0,9,20250523_224309
10046.8,2725440.0,9,20250524_013208
9255.39,2725720.0,9,20250524_040747
9203.72,2725720.0,9,20250524_064235
9129.69,2725536.0,9,20250524_091608
9153.04,2725448.0,9,20250524_115004
9418.24,2725720.0,9,20250524_142829
10190.46,2725220.0,9,20250524_171901
10299.22,2726504.0,9,20250524_201217
9947.26,2725196.0,9,20250605_125640
9239.86,2725508.0,9,20250605_153129
9001.63,2723580.0,9,20250605_180232
9521.95,2725040.0,9,20250605_204200
8885.04,2724756.0,9,20250605_231108
