6369.02,2759428.0,6,20250422_033302
4835.56,2779344.0,6,20250522_105230
4819.42,2780852.0,6,20250522_121333
4799.78,2779784.0,6,20250522_133350
4789.63,2779884.0,6,20250522_145412
4921.01,2780124.0,6,20250522_161658
5330.92,2778840.0,6,20250522_174620
4919.28,2779044.0,6,20250522_190844
4801.47,2779184.0,6,20250522_202915
4870.83,2779408.0,6,20250522_215107
4844.37,2779268.0,6,20250522_231232
5584.18,2781500.0,6,20250605_114325
5785.32,2780120.0,6,20250605_132027
5277.03,2780908.0,6,20250605_144857
5317.56,2776992.0,6,20250605_200930
5135.8,2780124.0,6,20250605_213546
5057.76,2780124.0,6,20250605_230044
