5148.71,3895076.0,4,20250417_000721
6370.13,3895144.0,4,20250417_015353
6270.15,3894200.0,4,20250417_033836
5952.66,3896148.0,4,20250417_051826
5767.64,3894252.0,4,20250417_065515
5316.32,3895744.0,4,20250418_175533
5421.07,3896248.0,4,20250418_192604
5241.01,3894492.0,4,20250418_205353
5341.27,3896008.0,4,20250418_222318
5165.34,3894776.0,4,20250511_223126
5631.07,3895380.0,4,20250512_000606
5440.03,3895180.0,4,20250512_013734
5313.6,3895452.0,4,20250512_030655
5526.9,3895448.0,4,20250512_043952
5627.59,3894816.0,4,20250512_061424
5497.48,3896276.0,4,20250512_074642
5796.56,3894776.0,4,20250512_092357
5603.59,3894776.0,4,20250512_105744
5406.18,3894620.0,4,20250512_122826
4907.57,3895452.0,4,20250516_075924
4616.37,3895176.0,4,20250519_164418
5044.08,3895456.0,4,20250519_180858
4696.49,3895048.0,4,20250519_192750
5030.53,3895452.0,4,20250519_205220
5016.77,3895452.0,4,20250519_221638
5059.26,3895452.0,4,20250519_234140
5050.09,3895452.0,4,20250520_010634
5117.43,3895452.0,4,20250520_023236
5088.29,3894948.0,4,20250520_035809
5386.99,3895452.0,4,20250520_052836
4554.31,3895452.0,4,20250604_205158
4886.22,3895800.0,4,20250604_221352
4631.89,3895452.0,4,20250604_233154
4573.98,3895448.0,4,20250605_004857
4624.04,3895452.0,4,20250605_020651
