6036.3,2544228.0,7,20250417_083615
6244.35,2543452.0,7,20250417_102041
5621.08,2543436.0,7,20250417_115441
5137.39,2543936.0,7,20250417_132039
5003.95,2544912.0,7,20250417_144419
5897.18,2543128.0,7,20250418_180906
5838.08,2543848.0,7,20250418_194641
5681.97,2542828.0,7,20250418_212146
5177.48,2541500.0,7,20250419_001734
6106.3,2542556.0,7,20250419_015942
5566.5,2544416.0,7,20250419_033244
5133.55,2544128.0,7,20250419_045834
4891.93,2545268.0,7,20250419_062028
4937.04,2545840.0,7,20250523_003529
4929.52,2544224.0,7,20250523_015820
5014.09,2544736.0,7,20250523_032237
4952.62,2545380.0,7,20250523_044552
5063.24,2544136.0,7,20250523_061102
4947.31,2543632.0,7,20250523_073412
4953.75,2544964.0,7,20250523_085728
4910.48,2544964.0,7,20250523_102000
4894.05,2545632.0,7,20250523_114218
4857.39,2542580.0,7,20250523_130400
