13427.35,1373184.0,5,20250419_043826
12359.89,1378304.0,5,20250419_080452
12592.36,1376256.0,5,20250419_113453
14319.86,1374208.0,5,20250419_153344
15130.8,1373184.0,5,20250419_194610
12283.23,1379328.0,5,20250602_124142
12214.15,1378304.0,5,20250602_160557
12207.62,1379328.0,5,20250602_193008
12211.55,1379328.0,5,20250602_225425
12231.25,1379328.0,5,20250603_021904
12303.02,1378304.0,5,20250603_054451
12322.6,1379328.0,5,20250603_091103
12234.94,1379328.0,5,20250603_123546
12231.57,1379328.0,5,20250603_160026
12368.65,1379328.0,5,20250603_192722
