13713.06,1461248.0,5,20250419_044422
12020.21,1466368.0,5,20250419_080513
11774.09,1465344.0,5,20250419_112145
12640.92,1465344.0,5,20250419_145238
14567.05,1462272.0,5,20250419_185534
11800.89,1466368.0,5,20250602_084624
11824.51,1464320.0,5,20250602_120358
11830.34,1466368.0,5,20250602_152159
11825.43,1467392.0,5,20250602_183956
11896.53,1466368.0,5,20250602_215904
11969.58,1466368.0,5,20250603_011927
11858.4,1464320.0,5,20250603_043759
11880.78,1466368.0,5,20250603_075653
11869.35,1465344.0,5,20250603_111535
11920.54,1464320.0,5,20250603_143457
