18139.3,3580204.0,8,20250421_220034
8311.31,3578336.0,8,20250520_151000
8160.55,3578972.0,8,20250520_173656
8051.16,3577916.0,8,20250520_200246
8338.49,3578316.0,8,20250520_223328
8179.0,3577444.0,8,20250521_010126
8146.31,3577444.0,8,20250521_032908
9002.24,3577976.0,8,20250521_061024
8969.76,3577568.0,8,20250521_085048
9317.87,3577880.0,8,20250521_113740
9322.12,3578316.0,8,20250521_142420
9137.28,3577300.0,8,20250606_083336
8947.9,3575540.0,8,20250606_111433
9106.25,3578316.0,8,20250606_135811
8793.37,3578316.0,8,20250606_163610
8886.31,3576912.0,8,20250606_191613
8767.66,3578312.0,8,20250606_215426
8514.44,3578316.0,8,20250607_113445
8292.48,3578316.0,8,20250607_140506
