3431.67,79120.0,1418,20250417_001702
3324.14,79908.0,1418,20250417_011307
3511.99,79312.0,1418,20250417_021219
3415.52,79908.0,1418,20250417_030956
3715.42,79908.0,1418,20250417_041230
3440.4,79904.0,1418,20250417_051028
3419.82,79936.0,1418,20250417_060810
3385.92,80292.0,1418,20250417_070513
3996.14,80464.0,1418,20250417_081232
3392.85,80236.0,1418,20250417_090947
2940.73,80748.0,1418,20250704_104055
2903.75,79940.0,1418,20250704_112953
2883.83,80204.0,1418,20250704_121839
3136.06,79980.0,1418,20250704_131132
2821.42,80268.0,1418,20250704_135904
2845.51,81064.0,1418,20250704_144710
2841.2,80336.0,1418,20250704_153510
2862.87,81156.0,1418,20250704_162335
2815.51,81072.0,1418,20250704_171103
2840.2,80452.0,1418,20250704_175907
2868.4,80904.0,1418,20250704_184725
2890.94,80364.0,1418,20250704_193616
