75.71,170104.0,4,20260129_150732
42.76,169052.0,4,20260129_150815
48.18,169064.0,4,20260129_150904
47.54,169084.0,4,20260129_150952
45.76,169072.0,4,20260129_151038
45.02,167020.0,4,20260129_151123
48.18,170100.0,4,20260129_151212
46.03,168020.0,4,20260129_151258
48.89,167036.0,4,20260129_151348
40.01,169084.0,4,20260129_151428
39.17,169116.0,4,20260201_060819
40.48,169128.0,4,20260201_060900
42.68,169120.0,4,20260201_060943
38.59,168084.0,4,20260201_061022
42.36,168060.0,4,20260201_061105
40.2,169104.0,4,20260201_061145
40.8,168048.0,4,20260201_061226
41.84,169072.0,4,20260201_061309
41.59,168108.0,4,20260201_061351
42.29,167000.0,4,20260201_061433
39.91,165964.0,4,20260201_061514
43.94,165972.0,4,20260201_061558
45.49,162976.0,4,20260201_061645
47.23,158852.0,4,20260201_061734
45.3,167060.0,4,20260201_061820
41.94,169108.0,4,20260201_061902
38.69,167048.0,4,20260201_061942
44.88,169084.0,4,20260201_062027
37.57,169048.0,4,20260201_062105
