42.9,181440.0,7,20250416_223830
41.03,181444.0,7,20250416_223911
41.09,181444.0,7,20250416_223952
40.38,181444.0,7,20250416_224033
40.95,181440.0,7,20250416_224114
39.84,181444.0,7,20250416_224155
48.72,181052.0,7,20250416_224244
41.77,181444.0,7,20250416_224326
40.77,181444.0,7,20250416_224407
40.96,181444.0,7,20250416_224448
39.12,181508.0,7,20250704_102309
40.74,181480.0,7,20250704_102350
39.22,180456.0,7,20250704_102429
38.54,181572.0,7,20250704_102508
39.69,180580.0,7,20250704_102548
39.77,181480.0,7,20250704_102628
39.97,182588.0,7,20250704_102708
40.06,181600.0,7,20250704_102749
38.14,181572.0,7,20250704_102827
39.09,180472.0,7,20250704_102907
37.96,180948.0,7,20250704_102945
38.44,181480.0,7,20250704_103024
