67.81,92632.0,20,20250416_230812
70.17,92632.0,20,20250416_230922
66.15,92636.0,20,20250416_231029
67.22,93656.0,20,20250416_231137
72.02,93656.0,20,20250416_231250
68.44,92632.0,20,20250416_231359
64.84,92636.0,20,20250416_231505
78.94,93660.0,20,20250416_231625
80.14,93660.0,20,20250416_231745
82.29,93656.0,20,20250416_231908
58.46,93696.0,20,20250704_070357
57.97,93936.0,20,20250704_070456
57.88,93692.0,20,20250704_070554
57.85,93936.0,20,20250704_070653
59.03,93972.0,20,20250704_070753
59.29,93688.0,20,20250704_070853
58.14,93692.0,20,20250704_070952
56.94,92668.0,20,20250704_071049
58.28,93692.0,20,20250704_071148
59.51,93696.0,20,20250704_071249
55.93,93492.0,20,20250704_071345
55.86,93712.0,20,20250704_071442
