46.08,118044.0,9,20250416_224948
38.56,117024.0,9,20250416_225027
35.79,117016.0,9,20250416_225104
35.67,118044.0,9,20250416_225140
35.8,118044.0,9,20250416_225216
48.67,118044.0,9,20250416_225305
35.93,118036.0,9,20250416_225342
36.44,117728.0,9,20250416_225418
37.54,118044.0,9,20250416_225456
36.61,116700.0,9,20250416_225533
34.12,121152.0,9,20250703_175257
32.07,120412.0,9,20250703_175330
31.94,121416.0,9,20250703_175402
32.36,121476.0,9,20250703_175435
35.08,122176.0,9,20250703_175510
34.06,121408.0,9,20250703_175544
33.25,121424.0,9,20250703_175618
33.69,122200.0,9,20250703_175652
31.58,121444.0,9,20250703_175724
31.62,121148.0,9,20250703_175756
32.82,122176.0,9,20250704_062238
32.39,121392.0,9,20250704_062311
34.02,121408.0,9,20250704_062345
34.09,121460.0,9,20250704_062420
32.04,122176.0,9,20250704_062452
32.8,121152.0,9,20250704_062525
35.38,122228.0,9,20250704_062601
34.64,121432.0,9,20250704_062636
33.18,122176.0,9,20250704_062710
33.74,120880.0,9,20250704_062744
