37.56,71824.0,4,20260129_180530
41.1,71832.0,4,20260131_105456
42.06,70788.0,4,20260131_105538
30.7,71800.0,4,20260131_105609
41.19,71812.0,4,20260131_105651
40.32,71820.0,4,20260131_105731
32.99,71796.0,4,20260131_105804
31.08,71788.0,4,20260131_105836
38.81,69732.0,4,20260131_105915
33.85,70740.0,4,20260131_105949
31.23,71832.0,4,20260201_060811
33.47,71852.0,4,20260201_060844
32.73,69720.0,4,20260201_060917
33.3,70796.0,4,20260201_060951
31.53,71812.0,4,20260201_061023
35.54,68684.0,4,20260201_061059
34.7,70784.0,4,20260201_061134
35.46,70784.0,4,20260201_061209
32.89,69736.0,4,20260201_061242
37.92,65660.0,4,20260201_061321
31.68,70744.0,4,20260201_061353
36.13,70832.0,4,20260201_061429
34.54,67664.0,4,20260201_061504
38.04,68696.0,4,20260201_061542
46.0,68696.0,4,20260201_061629
35.88,65660.0,4,20260201_061707
39.1,68732.0,4,20260201_061747
36.11,70768.0,4,20260201_061823
33.12,69736.0,4,20260201_061857
