35.71,231424.0,3,20250416_180427
35.7,231424.0,3,20250416_180503
35.68,231424.0,3,20250416_180539
35.65,231424.0,3,20250416_180615
35.63,230400.0,3,20250416_180651
35.75,231424.0,3,20250416_180727
35.55,231424.0,3,20250416_180803
35.57,231424.0,3,20250416_180838
35.64,231424.0,3,20250416_180914
40.64,231424.0,3,20250416_180955
40.19,232484.0,3,20250703_102640
45.02,232484.0,3,20250703_102725
48.69,232512.0,3,20250703_102814
51.24,232504.0,3,20250703_102906
52.43,230436.0,3,20250703_102959
51.62,232572.0,3,20250703_103051
38.68,231460.0,3,20250703_103130
42.62,232484.0,3,20250703_103213
65.62,232512.0,3,20250703_103319
47.47,232484.0,3,20250703_103407
50.96,232548.0,3,20250703_111647
50.9,232504.0,3,20250703_111739
43.52,232480.0,3,20250703_111822
36.3,232484.0,3,20250703_111859
36.35,232480.0,3,20250703_111936
36.37,232484.0,3,20250703_112012
36.29,231460.0,3,20250703_112049
53.48,231460.0,3,20250703_112143
49.78,231468.0,3,20250703_112233
45.64,231472.0,3,20250703_112319
