60.06,93660.0,19,20250416_230404
61.9,93656.0,19,20250416_230506
62.34,93656.0,19,20250416_230609
59.6,94680.0,19,20250416_230710
69.03,94680.0,19,20250416_230820
67.31,94684.0,19,20250416_230928
60.8,93204.0,19,20250416_231029
79.76,93656.0,19,20250416_231150
60.49,94676.0,19,20250416_231251
58.61,94684.0,19,20250416_231350
56.13,94020.0,19,20250704_062302
52.19,94720.0,19,20250704_062355
52.21,94720.0,19,20250704_062447
51.9,94716.0,19,20250704_062540
51.9,93696.0,19,20250704_062633
52.02,94996.0,19,20250704_062725
53.48,95020.0,19,20250704_062819
57.7,93936.0,19,20250704_062918
54.06,94720.0,19,20250704_063012
54.09,93960.0,19,20250704_063107
54.11,94808.0,19,20250704_065610
54.3,95032.0,19,20250704_065705
56.02,94000.0,19,20250704_065802
52.72,94716.0,19,20250704_065855
52.09,94020.0,19,20250704_065948
