35.3,69780.0,4,20260129_180527
37.67,66692.0,4,20260131_171146
32.18,69780.0,4,20260131_171218
37.51,67668.0,4,20260131_171256
38.6,68772.0,4,20260131_171335
39.67,68696.0,4,20260131_171415
44.33,70736.0,4,20260131_171459
35.64,71836.0,4,20260131_171535
37.7,66736.0,4,20260131_171613
38.57,70788.0,4,20260131_171652
35.64,71832.0,4,20260201_060815
33.86,70812.0,4,20260201_060849
31.3,71772.0,4,20260201_060921
31.6,71792.0,4,20260201_060952
33.53,68720.0,4,20260201_061026
37.09,68696.0,4,20260201_061103
35.52,67672.0,4,20260201_061139
32.11,69744.0,4,20260201_061212
31.47,71828.0,4,20260201_061243
34.2,68708.0,4,20260201_061318
33.21,69700.0,4,20260201_061351
36.48,68776.0,4,20260201_061428
38.51,66720.0,4,20260201_061507
33.75,69748.0,4,20260201_061541
38.51,69720.0,4,20260201_061620
42.56,64592.0,4,20260201_061704
36.82,63612.0,4,20260201_061742
36.04,71784.0,4,20260201_061818
36.66,65648.0,4,20260201_061855
