38.1,215040.0,3,20250416_181034
37.78,216064.0,3,20250416_181112
38.08,216064.0,3,20250416_181150
38.0,216064.0,3,20250416_181229
37.98,216064.0,3,20250416_181307
37.72,215040.0,3,20250416_181345
38.01,216064.0,3,20250416_181423
37.98,216064.0,3,20250416_181501
38.14,216064.0,3,20250416_181540
46.06,216064.0,3,20250416_181626
55.9,216100.0,3,20250703_102656
44.44,216144.0,3,20250703_102740
57.6,216092.0,3,20250703_102838
55.57,216100.0,3,20250703_102934
50.46,216100.0,3,20250703_103025
50.81,216100.0,3,20250703_103116
54.05,216132.0,3,20250703_103211
42.73,216124.0,3,20250703_103254
48.69,215076.0,3,20250703_103343
52.57,216120.0,3,20250703_103436
49.38,216100.0,3,20250703_111646
53.81,216100.0,3,20250703_111740
48.66,216108.0,3,20250703_111829
53.66,216100.0,3,20250703_111923
63.63,215120.0,3,20250703_112027
48.57,216148.0,3,20250703_112116
49.9,215076.0,3,20250703_112206
38.91,216124.0,3,20250703_112246
38.99,216100.0,3,20250703_112325
39.05,216100.0,3,20250703_112404
