46.75,73880.0,5,20260129_174849
40.76,73876.0,5,20260131_171149
42.92,71800.0,5,20260131_171232
40.14,69700.0,5,20260131_171312
38.27,72768.0,5,20260131_171351
39.42,74860.0,5,20260131_171431
36.66,73852.0,5,20260131_171508
40.56,73864.0,5,20260131_171549
38.15,72800.0,5,20260131_171627
35.75,75868.0,5,20260131_171703
34.7,74800.0,5,20260201_060814
35.88,74880.0,5,20260201_060850
35.3,74832.0,5,20260201_060926
34.34,74892.0,5,20260201_061000
34.87,74864.0,5,20260201_061036
36.48,73796.0,5,20260201_061112
37.68,73832.0,5,20260201_061151
40.0,73880.0,5,20260201_061231
36.62,73812.0,5,20260201_061308
36.64,70768.0,5,20260201_061345
38.12,72856.0,5,20260201_061423
43.51,71804.0,5,20260201_061507
43.74,71808.0,5,20260201_061552
39.67,71796.0,5,20260201_061632
40.14,69788.0,5,20260201_061714
42.55,69744.0,5,20260201_061757
36.65,73860.0,5,20260201_061834
40.23,73884.0,5,20260201_061914
36.19,73892.0,5,20260201_061951
