36.66,132008.0,9,20250416_224845
45.88,132016.0,9,20250416_224932
36.05,132016.0,9,20250416_225008
39.09,132012.0,9,20250416_225048
39.43,130988.0,9,20250416_225127
38.12,132012.0,9,20250416_225206
38.18,132012.0,9,20250416_225244
37.68,132012.0,9,20250416_225323
38.77,132012.0,9,20250416_225402
48.66,132008.0,9,20250416_225451
34.04,132012.0,9,20250417_193518
34.03,132012.0,9,20250417_193552
35.21,132012.0,9,20250417_193628
34.44,130988.0,9,20250417_193703
34.7,132012.0,9,20250417_193738
34.92,132012.0,9,20250417_193813
35.07,132012.0,9,20250417_193849
34.84,130988.0,9,20250417_193924
34.45,130992.0,9,20250417_193959
34.26,130988.0,9,20250417_194033
