33.34,216064.0,3,20250416_180951
33.31,216064.0,3,20250416_181024
33.43,216064.0,3,20250416_181058
47.48,216064.0,3,20250416_181146
33.29,216064.0,3,20250416_181220
33.26,216064.0,3,20250416_181253
33.34,215040.0,3,20250416_181327
33.4,216064.0,3,20250416_181401
33.41,216064.0,3,20250416_181434
33.39,216064.0,3,20250416_181508
43.43,215076.0,3,20250703_095048
41.96,216184.0,3,20250703_095130
45.5,216100.0,3,20250703_095216
45.71,216108.0,3,20250703_095302
37.87,216092.0,3,20250703_095340
46.49,216100.0,3,20250703_095427
38.27,216100.0,3,20250703_095506
40.08,216132.0,3,20250703_095546
33.67,216100.0,3,20250703_095620
33.73,216140.0,3,20250703_095654
