56.98,103552.0,17,20250416_231144
56.95,102764.0,17,20250416_231242
63.07,103556.0,17,20250416_231346
68.73,103552.0,17,20250416_231455
58.17,103556.0,17,20250416_231554
57.89,103296.0,17,20250416_231653
56.4,103552.0,17,20250416_231750
57.55,103552.0,17,20250416_231848
57.88,103556.0,17,20250416_231947
55.46,103552.0,17,20250416_232043
52.58,102840.0,17,20250704_104342
50.44,103728.0,17,20250704_104433
50.48,103672.0,17,20250704_104524
49.84,103588.0,17,20250704_104615
50.15,103588.0,17,20250704_104705
52.18,102940.0,17,20250704_104758
50.23,103696.0,17,20250704_104849
51.78,102616.0,17,20250704_104941
50.99,103384.0,17,20250704_105032
51.28,103188.0,17,20250704_105124
50.71,103480.0,17,20250704_105215
52.1,102900.0,17,20250704_105308
