34.88,74752.0,5,20250416_183937
35.04,74752.0,5,20250416_184013
35.34,73728.0,5,20250416_184048
36.72,74752.0,5,20250416_184125
42.05,74752.0,5,20250416_184208
34.53,74752.0,5,20250416_184242
34.69,74752.0,5,20250416_184317
35.3,74752.0,5,20250416_184353
34.99,74752.0,5,20250416_184428
34.96,73728.0,5,20250416_184503
35.21,74848.0,5,20250703_125326
38.06,74816.0,5,20250703_125404
39.63,73792.0,5,20250703_125444
35.7,72792.0,5,20250703_125520
33.94,74816.0,5,20250703_125554
34.06,74784.0,5,20250703_125628
40.1,73776.0,5,20250703_125709
54.08,71716.0,5,20250703_125803
49.28,74820.0,5,20250703_125853
45.44,72764.0,5,20250703_125939
