44.48,116252.0,12,20250416_230354
44.19,115228.0,12,20250416_230439
45.45,116216.0,12,20250416_230524
43.31,116256.0,12,20250416_230608
43.84,115568.0,12,20250416_230653
43.8,115716.0,12,20250416_230737
57.36,116256.0,12,20250416_230835
43.13,116252.0,12,20250416_230918
44.37,115212.0,12,20250416_231003
43.17,116252.0,12,20250416_231047
38.27,116356.0,12,20250704_104328
38.09,116412.0,12,20250704_104407
40.39,116404.0,12,20250704_104448
38.69,116380.0,12,20250704_104527
38.93,116292.0,12,20250704_104606
39.25,116408.0,12,20250704_104646
40.17,116328.0,12,20250704_104727
38.56,115136.0,12,20250704_104806
37.91,116404.0,12,20250704_104844
44.58,115216.0,12,20250704_104929
37.58,115776.0,12,20250704_105007
37.74,116300.0,12,20250704_105045
