35.14,74752.0,5,20250416_190309
34.5,74752.0,5,20250416_190344
34.49,73728.0,5,20250416_190419
34.73,74752.0,5,20250416_190454
40.92,72704.0,5,20250416_190535
35.04,74752.0,5,20250416_190610
34.7,74752.0,5,20250416_190645
34.6,74752.0,5,20250416_190720
39.16,72704.0,5,20250416_190759
34.34,74752.0,5,20250416_190834
35.96,73816.0,5,20250703_175259
33.92,74788.0,5,20250703_175333
33.8,74872.0,5,20250703_175407
33.97,74816.0,5,20250703_175441
34.12,74816.0,5,20250703_175515
33.72,73792.0,5,20250703_175549
33.99,74788.0,5,20250703_175624
44.47,72768.0,5,20250703_175708
48.74,74788.0,5,20250703_175757
34.13,74788.0,5,20250703_175832
