52.76,116236.0,12,20250416_225544
51.18,116240.0,12,20250416_225636
50.76,115216.0,12,20250416_225727
51.93,115212.0,12,20250416_225819
51.58,115216.0,12,20250416_225912
52.25,115212.0,12,20250416_230004
56.98,115216.0,12,20250416_230102
58.62,116240.0,12,20250416_230201
53.82,114192.0,12,20250416_230255
52.63,115216.0,12,20250416_230349
46.48,115244.0,12,20250704_100549
47.74,113316.0,12,20250704_100637
48.88,114404.0,12,20250704_100727
50.29,116276.0,12,20250704_100817
49.17,115248.0,12,20250704_100907
50.01,114316.0,12,20250704_100957
48.38,115252.0,12,20250704_101046
46.58,115248.0,12,20250704_101133
47.23,114376.0,12,20250704_101221
47.31,114360.0,12,20250704_101309
49.17,115248.0,12,20250704_101358
45.89,115412.0,12,20250704_101445
