33.16,153600.0,3,20250416_183314
33.21,153600.0,3,20250416_183347
37.04,152576.0,3,20250416_183425
33.22,152576.0,3,20250416_183458
33.11,152576.0,3,20250416_183532
33.2,152576.0,3,20250416_183605
33.74,152576.0,3,20250416_183639
33.14,152576.0,3,20250416_183713
33.23,153600.0,3,20250416_183746
33.17,153600.0,3,20250416_183820
42.43,152612.0,3,20250703_095020
44.3,151612.0,3,20250703_095049
34.87,152640.0,3,20250703_095124
43.11,151648.0,3,20250703_095207
33.82,151584.0,3,20250703_095241
33.97,152648.0,3,20250703_095316
47.82,152656.0,3,20250703_095404
37.76,151580.0,3,20250703_095442
33.78,151660.0,3,20250703_095516
33.62,152692.0,3,20250703_095550
33.71,152612.0,3,20250703_095624
