118.9,86752.0,41,20250416_232243
116.86,86752.0,41,20250416_232441
119.22,86752.0,41,20250416_232641
118.09,87048.0,41,20250416_232840
118.4,86752.0,41,20250416_233040
119.39,86752.0,41,20250416_233241
139.6,86752.0,41,20250416_233502
147.54,86748.0,41,20250416_233731
121.61,86752.0,41,20250416_233934
120.3,86752.0,41,20250416_234136
102.47,85936.0,41,20250704_105442
107.67,86336.0,41,20250704_105631
104.89,86788.0,41,20250704_105816
104.32,86788.0,41,20250704_110002
102.73,86788.0,41,20250704_110145
104.77,85764.0,41,20250704_110331
104.18,85344.0,41,20250704_110516
102.42,85764.0,41,20250704_110700
102.06,86884.0,41,20250704_110843
101.42,86960.0,41,20250704_111025
101.9,86788.0,41,20250704_111208
102.55,86788.0,41,20250704_111352
