34.23,199680.0,3,20250416_181701
34.71,199680.0,3,20250416_181736
34.48,200704.0,3,20250416_181810
34.65,200704.0,3,20250416_181845
34.28,200704.0,3,20250416_181920
34.59,200704.0,3,20250416_181955
40.44,200704.0,3,20250416_182036
40.77,200704.0,3,20250416_182117
34.19,200704.0,3,20250416_182151
34.29,199680.0,3,20250416_182226
39.48,200780.0,3,20250703_102639
50.01,199716.0,3,20250703_102730
49.63,200740.0,3,20250703_102820
49.98,200740.0,3,20250703_102910
39.71,198684.0,3,20250703_102950
43.23,199800.0,3,20250703_103033
43.34,199764.0,3,20250703_103117
46.98,200740.0,3,20250703_103204
49.77,200740.0,3,20250703_103254
50.26,200772.0,3,20250703_103345
42.62,199768.0,3,20250703_111639
34.98,199744.0,3,20250703_111714
35.03,199764.0,3,20250703_111750
44.05,200740.0,3,20250703_111834
34.69,199716.0,3,20250703_111909
34.72,199744.0,3,20250703_111944
34.7,199716.0,3,20250703_112019
47.25,200804.0,3,20250703_112107
35.39,199708.0,3,20250703_112142
51.63,199732.0,3,20250703_112235
