2867.33,80408.0,1173,20250417_000211
2864.49,80932.0,1173,20250417_005036
2971.35,80280.0,1173,20250417_014045
2917.12,81196.0,1173,20250417_023001
2822.34,80388.0,1173,20250417_031743
2861.18,80764.0,1173,20250417_040600
2971.46,80816.0,1173,20250417_045610
3250.5,80472.0,1173,20250417_055054
2855.78,80804.0,1173,20250417_063909
2828.28,81860.0,1173,20250417_072655
2430.06,81028.0,1173,20250704_070319
2429.7,80276.0,1173,20250704_074422
2456.67,80296.0,1173,20250704_103244
2395.08,80576.0,1173,20250704_111322
2407.31,80576.0,1173,20250704_115417
2654.86,80244.0,1173,20250704_123913
2387.35,81420.0,1173,20250704_131932
2374.51,80424.0,1173,20250704_135949
2402.88,80576.0,1173,20250704_144035
2374.16,81256.0,1173,20250704_152049
2413.49,80872.0,1173,20250704_160144
2406.34,80072.0,1173,20250704_164230
