40.11,73848.0,5,20260129_174842
39.28,73868.0,5,20260131_171147
41.77,74840.0,5,20260131_171229
37.23,74876.0,5,20260131_171307
40.04,73856.0,5,20260131_171347
43.83,70776.0,5,20260131_171431
34.93,75896.0,5,20260131_171506
41.57,72816.0,5,20260131_171548
40.54,73860.0,5,20260131_171629
40.66,72824.0,5,20260131_171710
35.13,73832.0,5,20260201_060815
35.86,71844.0,5,20260201_060851
39.35,73884.0,5,20260201_060930
35.76,73888.0,5,20260201_061006
38.21,73808.0,5,20260201_061045
38.87,72804.0,5,20260201_061124
38.29,70764.0,5,20260201_061203
37.86,72816.0,5,20260201_061241
38.7,71804.0,5,20260201_061320
34.53,75904.0,5,20260201_061354
36.75,73856.0,5,20260201_061431
37.97,70764.0,5,20260201_061510
38.8,72820.0,5,20260201_061549
45.54,71844.0,5,20260201_061636
45.25,70736.0,5,20260201_061723
40.1,70816.0,5,20260201_061803
42.55,71804.0,5,20260201_061846
38.12,74852.0,5,20260201_061925
35.34,73888.0,5,20260201_062000
