76.62,99440.0,17,20250416_230506
68.63,99440.0,17,20250416_230616
75.34,98416.0,17,20250416_230732
63.59,98420.0,17,20250416_230836
64.02,99444.0,17,20250416_230940
63.28,99440.0,17,20250416_231044
62.74,98416.0,17,20250416_231148
68.04,98420.0,17,20250416_231256
65.14,99440.0,17,20250416_231402
62.63,99444.0,17,20250416_231506
60.8,99480.0,17,20250704_100603
63.04,99476.0,17,20250704_100707
59.86,99476.0,17,20250704_100807
56.31,99600.0,17,20250704_100904
56.96,99496.0,17,20250704_101001
60.65,99484.0,17,20250704_101103
59.39,99476.0,17,20250704_101203
59.35,99608.0,17,20250704_101303
56.46,99656.0,17,20250704_101400
56.83,98576.0,17,20250704_101458
56.9,99480.0,17,20250704_101555
55.32,98564.0,17,20250704_101651
