34.86,198656.0,3,20250416_181543
34.93,199680.0,3,20250416_181618
34.14,198656.0,3,20250416_181653
34.6,199680.0,3,20250416_181728
41.86,199680.0,3,20250416_181810
34.24,199680.0,3,20250416_181844
34.21,199680.0,3,20250416_181919
34.38,199680.0,3,20250416_181954
34.78,198656.0,3,20250416_182029
34.92,199680.0,3,20250416_182104
43.43,199712.0,3,20250703_095048
37.79,200768.0,3,20250703_095126
35.62,200740.0,3,20250703_095202
34.69,200788.0,3,20250703_095237
34.63,199792.0,3,20250703_095312
34.54,199716.0,3,20250703_095347
34.66,199708.0,3,20250703_095421
34.66,200772.0,3,20250703_095456
41.45,199716.0,3,20250703_095538
47.21,200776.0,3,20250703_095626
