34.78,124184.0,9,20250416_225132
34.21,124188.0,9,20250416_225206
41.83,124192.0,9,20250416_225249
41.42,124184.0,9,20250416_225331
35.16,124188.0,9,20250416_225406
35.55,124192.0,9,20250416_225442
35.63,124188.0,9,20250416_225518
45.44,124188.0,9,20250416_225604
45.1,124188.0,9,20250416_225650
34.83,124188.0,9,20250416_225725
29.74,124220.0,9,20250704_065545
29.9,124500.0,9,20250704_065616
29.74,124496.0,9,20250704_065646
29.95,124472.0,9,20250704_065717
29.49,124224.0,9,20250704_065747
29.76,124492.0,9,20250704_065817
30.06,124260.0,9,20250704_065847
30.14,124508.0,9,20250704_065918
29.96,124228.0,9,20250704_065948
29.88,124224.0,9,20250704_070019
30.03,124224.0,9,20250704_070049
29.7,124224.0,9,20250704_070119
