24.25,166040.0,6,20250416_223716
25.17,165616.0,6,20250416_223741
24.84,164592.0,6,20250416_223806
28.35,165612.0,6,20250416_223835
24.51,165612.0,6,20250416_223900
24.89,165616.0,6,20250416_223925
24.77,165612.0,6,20250416_223950
24.75,165616.0,6,20250416_224015
24.96,165612.0,6,20250416_224040
24.58,165616.0,6,20250416_224105
23.14,165652.0,6,20250704_095135
22.98,165748.0,6,20250704_095158
22.96,165764.0,6,20250704_095221
22.97,165648.0,6,20250704_095245
22.88,165652.0,6,20250704_095308
22.97,165768.0,6,20250704_095331
23.34,164716.0,6,20250704_095355
23.26,165696.0,6,20250704_095418
22.79,165740.0,6,20250704_095441
23.03,165772.0,6,20250704_095505
23.12,165648.0,6,20250704_095528
23.02,165824.0,6,20250704_095552
