48.18,183368.0,4,20260129_150704
43.97,184460.0,4,20260129_150749
41.13,182412.0,4,20260129_150831
46.7,183408.0,4,20260129_150918
49.66,182392.0,4,20260129_151009
42.81,181368.0,4,20260129_151052
45.86,183420.0,4,20260129_151139
46.58,182340.0,4,20260129_151226
46.98,183408.0,4,20260129_151314
44.59,182400.0,4,20260129_151359
38.5,181372.0,4,20260201_060818
38.36,181360.0,4,20260201_060857
37.21,183416.0,4,20260201_060935
37.07,182344.0,4,20260201_061012
38.37,180344.0,4,20260201_061051
38.62,182396.0,4,20260201_061130
37.37,184448.0,4,20260201_061207
40.23,180380.0,4,20260201_061248
39.94,180376.0,4,20260201_061328
37.81,183424.0,4,20260201_061407
39.89,181376.0,4,20260201_061447
40.73,180348.0,4,20260201_061529
42.48,178264.0,4,20260201_061612
48.32,176252.0,4,20260201_061702
43.15,174208.0,4,20260201_061746
39.38,184408.0,4,20260201_061826
39.91,177264.0,4,20260201_061906
42.73,183412.0,4,20260201_061950
36.6,182388.0,4,20260201_062027
