34.52,74752.0,4,20250416_184154
36.71,73728.0,4,20250416_184231
31.44,74752.0,4,20250416_184302
31.0,74752.0,4,20250416_184333
31.22,73728.0,4,20250416_184405
30.91,74752.0,4,20250416_184436
31.22,73728.0,4,20250416_184507
30.93,74752.0,4,20250416_184538
31.47,74752.0,4,20250416_184610
31.21,73728.0,4,20250416_184641
40.32,73764.0,4,20250703_113407
44.78,73852.0,4,20250703_113452
35.42,72768.0,4,20250703_113528
42.0,73764.0,4,20250703_113610
45.94,73760.0,4,20250703_113657
44.5,74788.0,4,20250703_113741
40.13,74788.0,4,20250703_113822
44.27,74820.0,4,20250703_113906
46.76,74816.0,4,20250703_113953
33.64,74856.0,4,20250703_114027
38.27,73828.0,4,20250703_125329
31.46,74788.0,4,20250703_125400
30.38,73760.0,4,20250703_125431
41.05,73764.0,4,20250703_125512
30.75,74788.0,4,20250703_125543
