31.65,74752.0,4,20250416_183631
31.31,74752.0,4,20250416_183703
31.41,74752.0,4,20250416_183734
31.15,74752.0,4,20250416_183806
31.15,73728.0,4,20250416_183837
31.06,74752.0,4,20250416_183908
36.02,74752.0,4,20250416_183944
31.39,73728.0,4,20250416_184016
31.17,74752.0,4,20250416_184047
31.32,74752.0,4,20250416_184119
44.77,73764.0,4,20250703_113027
41.2,74816.0,4,20250703_113109
34.5,73816.0,4,20250703_113143
46.39,74840.0,4,20250703_113230
60.79,73776.0,4,20250703_113331
44.34,73764.0,4,20250703_113416
33.43,74788.0,4,20250703_113449
44.43,74788.0,4,20250703_113534
45.87,74820.0,4,20250703_113620
41.01,74780.0,4,20250703_113701
48.07,72736.0,4,20250703_125338
42.06,73804.0,4,20250703_125421
41.79,73764.0,4,20250703_125503
42.66,72732.0,4,20250703_125546
43.72,74852.0,4,20250703_125630
