38.55,140996.0,8,20250416_224353
48.98,141000.0,8,20250416_224442
49.48,141000.0,8,20250416_224532
37.96,139972.0,8,20250416_224610
48.83,138952.0,8,20250416_224700
51.01,140996.0,8,20250416_224751
46.53,139976.0,8,20250416_224838
39.61,139972.0,8,20250416_224918
47.74,139972.0,8,20250416_225006
49.84,141128.0,8,20250416_225056
36.82,140996.0,8,20250417_194748
36.65,139972.0,8,20250417_194825
36.51,139604.0,8,20250417_194902
37.43,140996.0,8,20250417_194940
36.92,139976.0,8,20250417_195017
36.28,141000.0,8,20250417_195054
37.21,139972.0,8,20250417_195131
36.88,139972.0,8,20250417_195208
36.9,139972.0,8,20250417_195246
36.22,139972.0,8,20250417_195322
