31.0,74752.0,4,20250416_180433
31.39,74752.0,4,20250416_180505
31.36,74752.0,4,20250416_180537
31.38,73728.0,4,20250416_180608
31.31,74752.0,4,20250416_180640
31.49,74752.0,4,20250416_180711
31.69,73728.0,4,20250416_180743
31.3,74752.0,4,20250416_180815
35.51,74752.0,4,20250416_180851
34.05,74752.0,4,20250416_180925
45.01,73764.0,4,20250703_112755
45.15,74816.0,4,20250703_112841
45.79,74828.0,4,20250703_112927
35.29,74784.0,4,20250703_113002
45.48,74784.0,4,20250703_113048
31.05,74784.0,4,20250703_113119
45.7,73844.0,4,20250703_113205
38.47,73764.0,4,20250703_113244
30.71,74788.0,4,20250703_113315
30.77,73764.0,4,20250703_113346
