31.4,74752.0,4,20250416_182030
31.3,74752.0,4,20250416_182101
31.61,74752.0,4,20250416_182133
31.04,74752.0,4,20250416_182204
31.39,73728.0,4,20250416_182236
31.45,73728.0,4,20250416_182307
43.6,74752.0,4,20250416_182351
31.49,73728.0,4,20250416_182423
31.2,73728.0,4,20250416_182454
31.49,73728.0,4,20250416_182526
33.93,74816.0,4,20250703_112744
31.01,73764.0,4,20250703_112815
31.02,74816.0,4,20250703_112847
31.8,73808.0,4,20250703_112919
31.83,74780.0,4,20250703_112951
31.05,74788.0,4,20250703_113022
30.95,74788.0,4,20250703_113053
31.12,73844.0,4,20250703_113124
30.77,73796.0,4,20250703_113155
31.03,74788.0,4,20250703_113226
