66.72,101224.0,13,20250416_225832
54.99,102252.0,13,20250416_225928
54.35,102248.0,13,20250416_230023
58.74,101224.0,13,20250416_230122
65.53,100204.0,13,20250416_230228
53.23,101224.0,13,20250416_230322
53.39,101228.0,13,20250416_230416
54.88,99180.0,13,20250416_230511
57.19,101228.0,13,20250416_230609
53.28,101224.0,13,20250416_230703
47.6,101548.0,13,20250704_070346
47.62,101260.0,13,20250704_070434
47.84,102284.0,13,20250704_070523
47.89,101584.0,13,20250704_070611
47.75,101556.0,13,20250704_070659
48.06,102288.0,13,20250704_070748
48.03,102284.0,13,20250704_070836
47.32,101264.0,13,20250704_070924
48.41,101512.0,13,20250704_071013
47.39,102288.0,13,20250704_071101
48.04,101564.0,13,20250704_071149
47.58,101540.0,13,20250704_071237
