31.11,148836.0,8,20250416_225015
30.76,148836.0,8,20250416_225046
42.82,148452.0,8,20250416_225129
40.71,148840.0,8,20250416_225210
37.04,147508.0,8,20250416_225248
31.34,148840.0,8,20250416_225319
41.61,147812.0,8,20250416_225402
31.54,148836.0,8,20250416_225433
31.75,148836.0,8,20250416_225506
31.03,148840.0,8,20250416_225537
30.53,149000.0,8,20250704_102300
30.31,149312.0,8,20250704_102331
30.33,148872.0,8,20250704_102401
29.44,149052.0,8,20250704_102431
35.92,148188.0,8,20250704_102507
29.46,148984.0,8,20250704_102537
29.12,149028.0,8,20250704_102607
28.15,149032.0,8,20250704_102635
28.28,147852.0,8,20250704_102704
27.93,148876.0,8,20250704_102732
28.06,148484.0,8,20250704_102801
28.01,148904.0,8,20250704_102829
