27.26,140996.0,7,20250416_224445
26.72,140996.0,7,20250416_224512
26.65,140996.0,7,20250416_224539
27.31,140996.0,7,20250416_224607
27.03,140996.0,7,20250416_224634
26.89,140992.0,7,20250416_224701
26.83,140940.0,7,20250416_224729
27.47,140996.0,7,20250416_224756
27.57,140996.0,7,20250416_224824
37.23,140996.0,7,20250416_224902
26.91,141032.0,7,20250703_175250
24.96,141324.0,7,20250703_175315
26.99,141276.0,7,20250703_175342
27.03,141312.0,7,20250703_175410
27.11,141272.0,7,20250703_175437
24.96,140044.0,7,20250703_175502
24.47,141032.0,7,20250703_175527
25.45,141748.0,7,20250703_175553
25.06,141036.0,7,20250703_175618
25.57,141036.0,7,20250703_175644
