50.76,131016.0,10,20250416_225628
41.66,131012.0,10,20250416_225711
54.87,131012.0,10,20250416_225806
40.87,131012.0,10,20250416_225847
41.05,131016.0,10,20250416_225929
41.93,131012.0,10,20250416_230011
41.97,131016.0,10,20250416_230054
47.03,131012.0,10,20250416_230141
44.21,131016.0,10,20250416_230226
42.76,131016.0,10,20250416_230309
37.48,131140.0,10,20250704_104328
37.04,130496.0,10,20250704_104405
38.41,131156.0,10,20250704_104444
38.08,131048.0,10,20250704_104522
40.56,131076.0,10,20250704_104604
36.58,131076.0,10,20250704_104641
37.5,130816.0,10,20250704_104719
37.59,129320.0,10,20250704_104757
37.75,130708.0,10,20250704_104835
39.89,131168.0,10,20250704_104915
39.12,130180.0,10,20250704_104955
38.09,131140.0,10,20250704_105034
