44.48,73896.0,5,20260129_174847
40.06,72836.0,5,20260131_171148
34.31,74868.0,5,20260131_171222
41.41,72868.0,5,20260131_171304
38.69,69704.0,5,20260131_171343
39.97,72824.0,5,20260131_171423
38.17,73864.0,5,20260131_171502
36.43,74876.0,5,20260131_171539
40.69,73844.0,5,20260131_171620
36.15,73836.0,5,20260131_171656
34.71,74876.0,5,20260201_060814
34.54,75900.0,5,20260201_060849
35.72,73808.0,5,20260201_060925
36.55,74828.0,5,20260201_061002
36.45,71800.0,5,20260201_061038
38.66,72852.0,5,20260201_061117
40.57,71804.0,5,20260201_061158
38.71,74904.0,5,20260201_061237
39.31,73856.0,5,20260201_061317
38.63,72812.0,5,20260201_061356
42.5,71808.0,5,20260201_061439
40.28,73864.0,5,20260201_061519
40.35,71832.0,5,20260201_061600
48.85,71804.0,5,20260201_061650
40.76,64600.0,5,20260201_061732
41.1,72776.0,5,20260201_061814
37.76,72836.0,5,20260201_061852
36.6,74860.0,5,20260201_061929
37.98,69760.0,5,20260201_062007
