37.97,67696.0,4,20260129_180530
30.36,71792.0,4,20260131_105445
37.74,71832.0,4,20260131_105523
38.77,71804.0,4,20260131_105602
38.66,70788.0,4,20260131_105641
44.5,71824.0,4,20260131_105726
31.22,71804.0,4,20260131_105757
36.84,70744.0,4,20260131_105834
38.61,70816.0,4,20260131_105913
31.52,71792.0,4,20260131_105945
32.0,69756.0,4,20260201_060811
32.93,71796.0,4,20260201_060845
31.3,71748.0,4,20260201_060916
31.61,68732.0,4,20260201_060948
35.83,67704.0,4,20260201_061024
32.26,69748.0,4,20260201_061056
36.62,68732.0,4,20260201_061133
39.55,70824.0,4,20260201_061213
35.26,68728.0,4,20260201_061249
33.41,66672.0,4,20260201_061322
31.74,71804.0,4,20260201_061354
33.92,66720.0,4,20260201_061429
36.11,68684.0,4,20260201_061505
33.75,69764.0,4,20260201_061540
37.41,69756.0,4,20260201_061618
37.32,65652.0,4,20260201_061657
43.83,64644.0,4,20260201_061742
34.8,68720.0,4,20260201_061817
34.21,67692.0,4,20260201_061851
