51.39,147792.0,8,20250416_224157
40.19,147792.0,8,20250416_224238
40.53,147788.0,8,20250416_224319
40.9,147796.0,8,20250416_224400
40.74,147792.0,8,20250416_224441
41.08,147792.0,8,20250416_224522
40.27,147792.0,8,20250416_224603
41.17,147792.0,8,20250416_224645
40.9,147792.0,8,20250416_224726
41.57,147792.0,8,20250416_224808
38.34,147948.0,8,20250704_095646
38.27,147824.0,8,20250704_095724
39.85,147828.0,8,20250704_095805
39.38,148004.0,8,20250704_095844
39.11,147968.0,8,20250704_095924
38.53,147828.0,8,20250704_100003
48.56,147860.0,8,20250704_100052
39.37,148008.0,8,20250704_100131
40.62,147824.0,8,20250704_100212
38.92,147832.0,8,20250704_100252
39.25,147828.0,8,20250704_100331
41.67,146940.0,8,20250704_100413
