2.55,169892.0,1,20250416_180336
3.07,169896.0,1,20250416_180340
2.5,169896.0,1,20250416_180342
2.57,169896.0,1,20250416_180345
3.59,169896.0,1,20250416_180349
2.47,168960.0,1,20250416_180352
2.54,169896.0,1,20250416_180354
2.53,169892.0,1,20250416_180357
2.48,169896.0,1,20250416_180400
2.5,169896.0,1,20250416_180402
3.0,169856.0,1,20250703_112713
2.81,169940.0,1,20250703_112716
2.77,169856.0,1,20250703_112719
2.77,169856.0,1,20250703_112722
2.78,169936.0,1,20250703_112725
2.79,169940.0,1,20250703_112728
2.78,169884.0,1,20250703_112731
3.06,168864.0,1,20250703_112734
2.79,169856.0,1,20250703_112737
2.99,170016.0,1,20250703_112740
