114.16,90836.0,40,20250416_231701
114.89,91288.0,40,20250416_231858
116.91,90836.0,40,20250416_232056
116.4,91112.0,40,20250416_232254
118.02,90836.0,40,20250416_232453
136.58,90140.0,40,20250416_232711
132.88,91112.0,40,20250416_232925
115.75,91112.0,40,20250416_233123
118.2,91044.0,40,20250416_233322
138.92,91112.0,40,20250416_233543
109.84,90964.0,40,20250704_100652
101.28,91320.0,40,20250704_100835
108.41,91264.0,40,20250704_101024
102.12,91144.0,40,20250704_101207
110.1,91208.0,40,20250704_101358
123.02,91048.0,40,20250704_101603
110.35,91164.0,40,20250704_101754
107.1,91032.0,40,20250704_101943
107.25,91000.0,40,20250704_102131
101.99,91220.0,40,20250704_102314
100.92,91144.0,40,20250704_102457
101.82,91148.0,40,20250704_102640
