41.78,72816.0,5,20260129_172732
34.93,73852.0,5,20260131_195055
39.07,72784.0,5,20260131_195134
40.81,71760.0,5,20260131_195215
34.23,74836.0,5,20260131_195249
34.38,74868.0,5,20260131_195324
36.17,72780.0,5,20260131_195400
38.41,73832.0,5,20260131_195439
39.52,70776.0,5,20260131_195519
40.09,70744.0,5,20260131_195559
36.97,72828.0,5,20260201_060816
35.97,73892.0,5,20260201_060853
34.43,74876.0,5,20260201_060927
35.6,74876.0,5,20260201_061003
36.24,68724.0,5,20260201_061040
35.02,74884.0,5,20260201_061115
37.46,73848.0,5,20260201_061153
34.24,74880.0,5,20260201_061227
37.44,73852.0,5,20260201_061305
34.42,74900.0,5,20260201_061340
39.6,72808.0,5,20260201_061419
37.3,70772.0,5,20260201_061457
42.0,69752.0,5,20260201_061540
47.06,70744.0,5,20260201_061628
43.14,65688.0,5,20260201_061713
41.38,69704.0,5,20260201_061755
48.28,72860.0,5,20260201_061844
37.99,72864.0,5,20260201_061922
33.59,75940.0,5,20260201_061956
