K,Iteration,User Time (s),Memory (KB),Passes
2,1,874.62,10200.0,430
